  3.00000000E+01 -9.86751157E+01
  3.00000000E+01 -9.86745542E+01
  3.00000000E+01 -9.86706592E+01
  3.00000000E+01 -9.73304421E+01
  3.00000000E+01 -9.73298760E+01
  3.00000000E+01 -9.73259705E+01
  3.00000000E+01  4.99190757E-01
  3.00000000E+01  4.99190763E-01
  3.00000000E+01  4.99190769E-01
  3.00000000E+01  1.49621936E+00
  3.00000000E+01  1.49621938E+00
  3.00000000E+01  1.49621941E+00
  3.00000000E+01  2.49026633E+00
  3.00000000E+01  2.49026640E+00
  3.00000000E+01  2.49026646E+00
  3.00000000E+01  3.48131812E+00
  3.00000000E+01  3.48131825E+00
  3.00000000E+01  3.48131837E+00
  3.00000000E+01  4.46936096E+00
  3.00000000E+01  4.46936116E+00
  3.00000000E+01  4.46936137E+00
  3.00000000E+01  5.45438087E+00
  3.00000000E+01  5.45438117E+00
  3.00000000E+01  5.45438148E+00
  3.00000000E+01  6.43636365E+00
  3.00000000E+01  6.43636408E+00
  3.00000000E+01  6.43636451E+00
  3.00000000E+01  7.41529488E+00
  3.00000000E+01  7.41529545E+00
  3.00000000E+01  7.41529603E+00
  3.00000000E+01  8.39115992E+00
  3.00000000E+01  8.39116065E+00
  3.00000000E+01  8.39116139E+00
  3.00000000E+01  9.36394387E+00
  3.00000000E+01  9.36394479E+00
  3.00000000E+01  9.36394571E+00
  3.00000000E+01  1.03336316E+01
  3.00000000E+01  1.03336327E+01
  3.00000000E+01  1.03336339E+01
  3.00000000E+01  1.13002078E+01
  3.00000000E+01  1.13002091E+01
  3.00000000E+01  1.13002105E+01
  3.00000000E+01  1.22636567E+01
  3.00000000E+01  1.22636583E+01
  3.00000000E+01  1.22636599E+01
  3.00000000E+01  1.32239625E+01
  3.00000000E+01  1.32239644E+01
  3.00000000E+01  1.32239663E+01
  3.00000000E+01  1.41811090E+01
  3.00000000E+01  1.41811112E+01
  3.00000000E+01  1.41811134E+01
  3.00000000E+01  1.51350798E+01
  3.00000000E+01  1.51350823E+01
  3.00000000E+01  1.51350848E+01
  3.00000000E+01  1.60858582E+01
  3.00000000E+01  1.60858610E+01
  3.00000000E+01  1.60858638E+01
  3.00000000E+01  1.70334270E+01
  3.00000000E+01  1.70334302E+01
  3.00000000E+01  1.70334334E+01
  3.00000000E+01  1.79777691E+01
  3.00000000E+01  1.79777727E+01
  3.00000000E+01  1.79777763E+01
  3.00000000E+01  1.89188668E+01
  3.00000000E+01  1.89188708E+01
  3.00000000E+01  1.89188748E+01
  3.00000000E+01  1.98567020E+01
  3.00000000E+01  1.98567064E+01
  3.00000000E+01  1.98567109E+01
  3.00000000E+01  2.07912566E+01
  3.00000000E+01  2.07912615E+01
  3.00000000E+01  2.07912664E+01
  3.00000000E+01  2.17225118E+01
  3.00000000E+01  2.17225172E+01
  3.00000000E+01  2.17225226E+01
  3.00000000E+01  2.26504488E+01
  3.00000000E+01  2.26504547E+01
  3.00000000E+01  2.26504606E+01
  3.00000000E+01  2.35750482E+01
  3.00000000E+01  2.35750546E+01
  3.00000000E+01  2.35750610E+01
  3.00000000E+01  2.44962902E+01
  3.00000000E+01  2.44962972E+01
  3.00000000E+01  2.44963042E+01
  3.00000000E+01  2.54141548E+01
  3.00000000E+01  2.54141624E+01
  3.00000000E+01  2.54141699E+01
  3.00000000E+01  2.63286214E+01
  3.00000000E+01  2.63286296E+01
  3.00000000E+01  2.63286378E+01
  3.00000000E+01  2.72396693E+01
  3.00000000E+01  2.72396781E+01
  3.00000000E+01  2.72396869E+01
  3.00000000E+01  2.81472769E+01
  3.00000000E+01  2.81472864E+01
  3.00000000E+01  2.81472959E+01
  3.00000000E+01  2.90514226E+01
  3.00000000E+01  2.90514328E+01
  3.00000000E+01  2.90514430E+01
  3.00000000E+01  2.99520841E+01
  3.00000000E+01  2.99520950E+01
  3.00000000E+01  2.99521059E+01
  3.00000000E+01  3.08492387E+01
  3.00000000E+01  3.08492504E+01
  3.00000000E+01  3.08492621E+01
  3.00000000E+01  3.17428633E+01
  3.00000000E+01  3.17428758E+01
  3.00000000E+01  3.17428882E+01
  3.00000000E+01  3.26329341E+01
  3.00000000E+01  3.26329474E+01
  3.00000000E+01  3.26329607E+01
  3.00000000E+01  3.35194270E+01
  3.00000000E+01  3.35194411E+01
  3.00000000E+01  3.35194552E+01
  3.00000000E+01  3.44023172E+01
  3.00000000E+01  3.44023321E+01
  3.00000000E+01  3.44023471E+01
  3.00000000E+01  3.52815793E+01
  3.00000000E+01  3.52815951E+01
  3.00000000E+01  3.52816110E+01
  3.00000000E+01  3.61571875E+01
  3.00000000E+01  3.61572043E+01
  3.00000000E+01  3.61572210E+01
  3.00000000E+01  3.70291152E+01
  3.00000000E+01  3.70291330E+01
  3.00000000E+01  3.70291507E+01
  3.00000000E+01  3.78973354E+01
  3.00000000E+01  3.78973541E+01
  3.00000000E+01  3.78973729E+01
  3.00000000E+01  3.87618202E+01
  3.00000000E+01  3.87618400E+01
  3.00000000E+01  3.87618597E+01
  3.00000000E+01  3.96225412E+01
  3.00000000E+01  3.96225620E+01
  3.00000000E+01  3.96225828E+01
  3.00000000E+01  4.04794691E+01
  3.00000000E+01  4.04794910E+01
  3.00000000E+01  4.04795130E+01
  3.00000000E+01  4.13325742E+01
  3.00000000E+01  4.13325972E+01
  3.00000000E+01  4.13326202E+01
  3.00000000E+01  4.21818256E+01
  3.00000000E+01  4.21818498E+01
  3.00000000E+01  4.21818740E+01
  3.00000000E+01  4.30271919E+01
  3.00000000E+01  4.30272173E+01
  3.00000000E+01  4.30272427E+01
  3.00000000E+01  4.38686407E+01
  3.00000000E+01  4.38686673E+01
  3.00000000E+01  4.38686940E+01
  3.00000000E+01  4.47061389E+01
  3.00000000E+01  4.47061668E+01
  3.00000000E+01  4.47061947E+01
  3.00000000E+01  4.55396523E+01
  3.00000000E+01  4.55396816E+01
  3.00000000E+01  4.55397108E+01
  3.00000000E+01  4.63691460E+01
  3.00000000E+01  4.63691765E+01
  3.00000000E+01  4.63692071E+01
  3.00000000E+01  4.71945836E+01
  3.00000000E+01  4.71946156E+01
  3.00000000E+01  4.71946475E+01
  3.00000000E+01  4.80159283E+01
  3.00000000E+01  4.80159616E+01
  3.00000000E+01  4.80159950E+01
  3.00000000E+01  4.88331416E+01
  3.00000000E+01  4.88331765E+01
  3.00000000E+01  4.88332113E+01
  3.00000000E+01  4.96461843E+01
  3.00000000E+01  4.96462207E+01
  3.00000000E+01  4.96462570E+01
  3.00000000E+01  5.04550158E+01
  3.00000000E+01  5.04550537E+01
  3.00000000E+01  5.04550916E+01
  3.00000000E+01  5.12595941E+01
  3.00000000E+01  5.12596336E+01
  3.00000000E+01  5.12596731E+01
  3.00000000E+01  5.20598760E+01
  3.00000000E+01  5.20599171E+01
  3.00000000E+01  5.20599583E+01
  3.00000000E+01  5.28558169E+01
  3.00000000E+01  5.28558597E+01
  3.00000000E+01  5.28559025E+01
  3.00000000E+01  5.36473706E+01
  3.00000000E+01  5.36474152E+01
  3.00000000E+01  5.36474597E+01
  3.00000000E+01  5.44344895E+01
  3.00000000E+01  5.44345358E+01
  3.00000000E+01  5.44345822E+01
  3.00000000E+01  5.52171240E+01
  3.00000000E+01  5.52171722E+01
  3.00000000E+01  5.52172204E+01
  3.00000000E+01  5.59952230E+01
  3.00000000E+01  5.59952731E+01
  3.00000000E+01  5.59953232E+01
  3.00000000E+01  5.67687335E+01
  3.00000000E+01  5.67687855E+01
  3.00000000E+01  5.67688375E+01
  3.00000000E+01  5.75376003E+01
  3.00000000E+01  5.75376543E+01
  3.00000000E+01  5.75377083E+01
  3.00000000E+01  5.83017663E+01
  3.00000000E+01  5.83018224E+01
  3.00000000E+01  5.83018784E+01
  3.00000000E+01  5.90611719E+01
  3.00000000E+01  5.90612301E+01
  3.00000000E+01  5.90612882E+01
  3.00000000E+01  5.98157552E+01
  3.00000000E+01  5.98158155E+01
  3.00000000E+01  5.98158758E+01
  3.00000000E+01  6.05654516E+01
  3.00000000E+01  6.05655142E+01
  3.00000000E+01  6.05655767E+01
  3.00000000E+01  6.13101938E+01
  3.00000000E+01  6.13102586E+01
  3.00000000E+01  6.13103235E+01
  3.00000000E+01  6.20499113E+01
  3.00000000E+01  6.20499785E+01
  3.00000000E+01  6.20500457E+01
  3.00000000E+01  6.27845305E+01
  3.00000000E+01  6.27846002E+01
  3.00000000E+01  6.27846698E+01
  3.00000000E+01  6.35139741E+01
  3.00000000E+01  6.35140463E+01
  3.00000000E+01  6.35141184E+01
  3.00000000E+01  6.42381610E+01
  3.00000000E+01  6.42382358E+01
  3.00000000E+01  6.42383105E+01
  3.00000000E+01  6.49570059E+01
  3.00000000E+01  6.49570832E+01
  3.00000000E+01  6.49571606E+01
  3.00000000E+01  6.56704185E+01
  3.00000000E+01  6.56704986E+01
  3.00000000E+01  6.56705788E+01
  3.00000000E+01  6.63783037E+01
  3.00000000E+01  6.63783866E+01
  3.00000000E+01  6.63784696E+01
  3.00000000E+01  6.67419191E+01
  3.00000000E+01  6.67424625E+01
  3.00000000E+01  6.67434482E+01
  2.99408195E+01 -9.90003790E+01
  2.99408195E+01 -9.89998187E+01
  2.99408195E+01 -9.89959180E+01
  2.99408195E+01 -9.76583803E+01
  2.99408195E+01 -9.76578154E+01
  2.99408195E+01 -9.76539041E+01
  2.99408195E+01  4.99187279E-01
  2.99408195E+01  4.99187285E-01
  2.99408195E+01  4.99187291E-01
  2.99408195E+01  1.49620408E+00
  2.99408195E+01  1.49620410E+00
  2.99408195E+01  1.49620413E+00
  2.99408195E+01  2.49022737E+00
  2.99408195E+01  2.49022744E+00
  2.99408195E+01  2.49022750E+00
  2.99408195E+01  3.48124349E+00
  2.99408195E+01  3.48124362E+00
  2.99408195E+01  3.48124374E+00
  2.99408195E+01  4.46923856E+00
  2.99408195E+01  4.46923877E+00
  2.99408195E+01  4.46923897E+00
  2.99408195E+01  5.45419848E+00
  2.99408195E+01  5.45419879E+00
  2.99408195E+01  5.45419910E+00
  2.99408195E+01  6.43610895E+00
  2.99408195E+01  6.43610938E+00
  2.99408195E+01  6.43610981E+00
  2.99408195E+01  7.41495542E+00
  2.99408195E+01  7.41495599E+00
  2.99408195E+01  7.41495657E+00
  2.99408195E+01  8.39072311E+00
  2.99408195E+01  8.39072385E+00
  2.99408195E+01  8.39072459E+00
  2.99408195E+01  9.36339702E+00
  2.99408195E+01  9.36339795E+00
  2.99408195E+01  9.36339887E+00
  2.99408195E+01  1.03329619E+01
  2.99408195E+01  1.03329630E+01
  2.99408195E+01  1.03329642E+01
  2.99408195E+01  1.12994022E+01
  2.99408195E+01  1.12994036E+01
  2.99408195E+01  1.12994049E+01
  2.99408195E+01  1.22627022E+01
  2.99408195E+01  1.22627038E+01
  2.99408195E+01  1.22627054E+01
  2.99408195E+01  1.32228459E+01
  2.99408195E+01  1.32228477E+01
  2.99408195E+01  1.32228496E+01
  2.99408195E+01  1.41798168E+01
  2.99408195E+01  1.41798190E+01
  2.99408195E+01  1.41798212E+01
  2.99408195E+01  1.51335986E+01
  2.99408195E+01  1.51336011E+01
  2.99408195E+01  1.51336036E+01
  2.99408195E+01  1.60841742E+01
  2.99408195E+01  1.60841770E+01
  2.99408195E+01  1.60841799E+01
  2.99408195E+01  1.70315265E+01
  2.99408195E+01  1.70315297E+01
  2.99408195E+01  1.70315329E+01
  2.99408195E+01  1.79756380E+01
  2.99408195E+01  1.79756416E+01
  2.99408195E+01  1.79756452E+01
  2.99408195E+01  1.89164910E+01
  2.99408195E+01  1.89164950E+01
  2.99408195E+01  1.89164990E+01
  2.99408195E+01  1.98540672E+01
  2.99408195E+01  1.98540717E+01
  2.99408195E+01  1.98540761E+01
  2.99408195E+01  2.07883483E+01
  2.99408195E+01  2.07883532E+01
  2.99408195E+01  2.07883581E+01
  2.99408195E+01  2.17193153E+01
  2.99408195E+01  2.17193208E+01
  2.99408195E+01  2.17193262E+01
  2.99408195E+01  2.26469493E+01
  2.99408195E+01  2.26469552E+01
  2.99408195E+01  2.26469612E+01
  2.99408195E+01  2.35712306E+01
  2.99408195E+01  2.35712371E+01
  2.99408195E+01  2.35712436E+01
  2.99408195E+01  2.44921394E+01
  2.99408195E+01  2.44921464E+01
  2.99408195E+01  2.44921535E+01
  2.99408195E+01  2.54096553E+01
  2.99408195E+01  2.54096629E+01
  2.99408195E+01  2.54096705E+01
  2.99408195E+01  2.63237576E+01
  2.99408195E+01  2.63237658E+01
  2.99408195E+01  2.63237741E+01
  2.99408195E+01  2.72344252E+01
  2.99408195E+01  2.72344341E+01
  2.99408195E+01  2.72344430E+01
  2.99408195E+01  2.81416366E+01
  2.99408195E+01  2.81416462E+01
  2.99408195E+01  2.81416558E+01
  2.99408195E+01  2.90453698E+01
  2.99408195E+01  2.90453801E+01
  2.99408195E+01  2.90453903E+01
  2.99408195E+01  2.99456023E+01
  2.99408195E+01  2.99456133E+01
  2.99408195E+01  2.99456243E+01
  2.99408195E+01  3.08423112E+01
  2.99408195E+01  3.08423229E+01
  2.99408195E+01  3.08423347E+01
  2.99408195E+01  3.17354730E+01
  2.99408195E+01  3.17354855E+01
  2.99408195E+01  3.17354980E+01
  2.99408195E+01  3.26250638E+01
  2.99408195E+01  3.26250771E+01
  2.99408195E+01  3.26250904E+01
  2.99408195E+01  3.35110591E+01
  2.99408195E+01  3.35110733E+01
  2.99408195E+01  3.35110874E+01
  2.99408195E+01  3.43934339E+01
  2.99408195E+01  3.43934489E+01
  2.99408195E+01  3.43934640E+01
  2.99408195E+01  3.52721625E+01
  2.99408195E+01  3.52721785E+01
  2.99408195E+01  3.52721945E+01
  2.99408195E+01  3.61472189E+01
  2.99408195E+01  3.61472358E+01
  2.99408195E+01  3.61472527E+01
  2.99408195E+01  3.70185762E+01
  2.99408195E+01  3.70185941E+01
  2.99408195E+01  3.70186119E+01
  2.99408195E+01  3.78862069E+01
  2.99408195E+01  3.78862258E+01
  2.99408195E+01  3.78862446E+01
  2.99408195E+01  3.87500829E+01
  2.99408195E+01  3.87501028E+01
  2.99408195E+01  3.87501227E+01
  2.99408195E+01  3.96101754E+01
  2.99408195E+01  3.96101964E+01
  2.99408195E+01  3.96102173E+01
  2.99408195E+01  4.04664549E+01
  2.99408195E+01  4.04664770E+01
  2.99408195E+01  4.04664990E+01
  2.99408195E+01  4.13188911E+01
  2.99408195E+01  4.13189143E+01
  2.99408195E+01  4.13189375E+01
  2.99408195E+01  4.21674529E+01
  2.99408195E+01  4.21674772E+01
  2.99408195E+01  4.21675016E+01
  2.99408195E+01  4.30121084E+01
  2.99408195E+01  4.30121340E+01
  2.99408195E+01  4.30121595E+01
  2.99408195E+01  4.38528249E+01
  2.99408195E+01  4.38528517E+01
  2.99408195E+01  4.38528785E+01
  2.99408195E+01  4.46895687E+01
  2.99408195E+01  4.46895968E+01
  2.99408195E+01  4.46896249E+01
  2.99408195E+01  4.55223053E+01
  2.99408195E+01  4.55223348E+01
  2.99408195E+01  4.55223642E+01
  2.99408195E+01  4.63509992E+01
  2.99408195E+01  4.63510300E+01
  2.99408195E+01  4.63510607E+01
  2.99408195E+01  4.71756137E+01
  2.99408195E+01  4.71756459E+01
  2.99408195E+01  4.71756780E+01
  2.99408195E+01  4.79961112E+01
  2.99408195E+01  4.79961448E+01
  2.99408195E+01  4.79961784E+01
  2.99408195E+01  4.88124530E+01
  2.99408195E+01  4.88124881E+01
  2.99408195E+01  4.88125232E+01
  2.99408195E+01  4.96245991E+01
  2.99408195E+01  4.96246357E+01
  2.99408195E+01  4.96246723E+01
  2.99408195E+01  5.04325082E+01
  2.99408195E+01  5.04325464E+01
  2.99408195E+01  5.04325846E+01
  2.99408195E+01  5.12361380E+01
  2.99408195E+01  5.12361778E+01
  2.99408195E+01  5.12362176E+01
  2.99408195E+01  5.20354445E+01
  2.99408195E+01  5.20354859E+01
  2.99408195E+01  5.20355273E+01
  2.99408195E+01  5.28303823E+01
  2.99408195E+01  5.28304255E+01
  2.99408195E+01  5.28304686E+01
  2.99408195E+01  5.36209047E+01
  2.99408195E+01  5.36209496E+01
  2.99408195E+01  5.36209945E+01
  2.99408195E+01  5.44069631E+01
  2.99408195E+01  5.44070097E+01
  2.99408195E+01  5.44070564E+01
  2.99408195E+01  5.51885072E+01
  2.99408195E+01  5.51885557E+01
  2.99408195E+01  5.51886043E+01
  2.99408195E+01  5.59654851E+01
  2.99408195E+01  5.59655355E+01
  2.99408195E+01  5.59655860E+01
  2.99408195E+01  5.67378427E+01
  2.99408195E+01  5.67378951E+01
  2.99408195E+01  5.67379475E+01
  2.99408195E+01  5.75055241E+01
  2.99408195E+01  5.75055785E+01
  2.99408195E+01  5.75056329E+01
  2.99408195E+01  5.82684709E+01
  2.99408195E+01  5.82685274E+01
  2.99408195E+01  5.82685839E+01
  2.99408195E+01  5.90266226E+01
  2.99408195E+01  5.90266812E+01
  2.99408195E+01  5.90267398E+01
  2.99408195E+01  5.97799161E+01
  2.99408195E+01  5.97799769E+01
  2.99408195E+01  5.97800377E+01
  2.99408195E+01  6.05282855E+01
  2.99408195E+01  6.05283485E+01
  2.99408195E+01  6.05284116E+01
  2.99408195E+01  6.12716621E+01
  2.99408195E+01  6.12717275E+01
  2.99408195E+01  6.12717928E+01
  2.99408195E+01  6.20099741E+01
  2.99408195E+01  6.20100418E+01
  2.99408195E+01  6.20101096E+01
  2.99408195E+01  6.27431462E+01
  2.99408195E+01  6.27432164E+01
  2.99408195E+01  6.27432866E+01
  2.99408195E+01  6.34710995E+01
  2.99408195E+01  6.34711723E+01
  2.99408195E+01  6.34712450E+01
  2.99408195E+01  6.41937510E+01
  2.99408195E+01  6.41938264E+01
  2.99408195E+01  6.41939017E+01
  2.99408195E+01  6.49110133E+01
  2.99408195E+01  6.49110914E+01
  2.99408195E+01  6.49111694E+01
  2.99408195E+01  6.56227941E+01
  2.99408195E+01  6.56228749E+01
  2.99408195E+01  6.56229557E+01
  2.99408195E+01  6.63289957E+01
  2.99408195E+01  6.63290793E+01
  2.99408195E+01  6.63291630E+01
  2.99408195E+01  6.64219811E+01
  2.99408195E+01  6.64225234E+01
  2.99408195E+01  6.64235090E+01
  2.98816390E+01 -9.93249679E+01
  2.98816390E+01 -9.93244087E+01
  2.98816390E+01 -9.93205022E+01
  2.98816390E+01 -9.79856437E+01
  2.98816390E+01 -9.79850800E+01
  2.98816390E+01 -9.79811630E+01
  2.98816390E+01  4.99183779E-01
  2.98816390E+01  4.99183785E-01
  2.98816390E+01  4.99183791E-01
  2.98816390E+01  1.49618871E+00
  2.98816390E+01  1.49618873E+00
  2.98816390E+01  1.49618876E+00
  2.98816390E+01  2.49018818E+00
  2.98816390E+01  2.49018824E+00
  2.98816390E+01  2.49018831E+00
  2.98816390E+01  3.48116841E+00
  2.98816390E+01  3.48116854E+00
  2.98816390E+01  3.48116867E+00
  2.98816390E+01  4.46911542E+00
  2.98816390E+01  4.46911563E+00
  2.98816390E+01  4.46911584E+00
  2.98816390E+01  5.45401500E+00
  2.98816390E+01  5.45401531E+00
  2.98816390E+01  5.45401562E+00
  2.98816390E+01  6.43585271E+00
  2.98816390E+01  6.43585315E+00
  2.98816390E+01  6.43585358E+00
  2.98816390E+01  7.41461389E+00
  2.98816390E+01  7.41461447E+00
  2.98816390E+01  7.41461505E+00
  2.98816390E+01  8.39028365E+00
  2.98816390E+01  8.39028440E+00
  2.98816390E+01  8.39028514E+00
  2.98816390E+01  9.36284685E+00
  2.98816390E+01  9.36284778E+00
  2.98816390E+01  9.36284871E+00
  2.98816390E+01  1.03322881E+01
  2.98816390E+01  1.03322892E+01
  2.98816390E+01  1.03322904E+01
  2.98816390E+01  1.12985917E+01
  2.98816390E+01  1.12985931E+01
  2.98816390E+01  1.12985945E+01
  2.98816390E+01  1.22617419E+01
  2.98816390E+01  1.22617435E+01
  2.98816390E+01  1.22617451E+01
  2.98816390E+01  1.32217224E+01
  2.98816390E+01  1.32217243E+01
  2.98816390E+01  1.32217262E+01
  2.98816390E+01  1.41785167E+01
  2.98816390E+01  1.41785189E+01
  2.98816390E+01  1.41785211E+01
  2.98816390E+01  1.51321082E+01
  2.98816390E+01  1.51321107E+01
  2.98816390E+01  1.51321133E+01
  2.98816390E+01  1.60824798E+01
  2.98816390E+01  1.60824827E+01
  2.98816390E+01  1.60824855E+01
  2.98816390E+01  1.70296142E+01
  2.98816390E+01  1.70296174E+01
  2.98816390E+01  1.70296207E+01
  2.98816390E+01  1.79734937E+01
  2.98816390E+01  1.79734973E+01
  2.98816390E+01  1.79735010E+01
  2.98816390E+01  1.89141004E+01
  2.98816390E+01  1.89141044E+01
  2.98816390E+01  1.89141085E+01
  2.98816390E+01  1.98514159E+01
  2.98816390E+01  1.98514204E+01
  2.98816390E+01  1.98514249E+01
  2.98816390E+01  2.07854217E+01
  2.98816390E+01  2.07854267E+01
  2.98816390E+01  2.07854317E+01
  2.98816390E+01  2.17160988E+01
  2.98816390E+01  2.17161043E+01
  2.98816390E+01  2.17161097E+01
  2.98816390E+01  2.26434278E+01
  2.98816390E+01  2.26434338E+01
  2.98816390E+01  2.26434397E+01
  2.98816390E+01  2.35673890E+01
  2.98816390E+01  2.35673955E+01
  2.98816390E+01  2.35674020E+01
  2.98816390E+01  2.44879623E+01
  2.98816390E+01  2.44879694E+01
  2.98816390E+01  2.44879764E+01
  2.98816390E+01  2.54051272E+01
  2.98816390E+01  2.54051348E+01
  2.98816390E+01  2.54051425E+01
  2.98816390E+01  2.63188628E+01
  2.98816390E+01  2.63188711E+01
  2.98816390E+01  2.63188794E+01
  2.98816390E+01  2.72291477E+01
  2.98816390E+01  2.72291567E+01
  2.98816390E+01  2.72291656E+01
  2.98816390E+01  2.81359602E+01
  2.98816390E+01  2.81359699E+01
  2.98816390E+01  2.81359795E+01
  2.98816390E+01  2.90392781E+01
  2.98816390E+01  2.90392885E+01
  2.98816390E+01  2.90392988E+01
  2.98816390E+01  2.99390787E+01
  2.98816390E+01  2.99390898E+01
  2.98816390E+01  2.99391008E+01
  2.98816390E+01  3.08353388E+01
  2.98816390E+01  3.08353506E+01
  2.98816390E+01  3.08353624E+01
  2.98816390E+01  3.17280346E+01
  2.98816390E+01  3.17280472E+01
  2.98816390E+01  3.17280598E+01
  2.98816390E+01  3.26171421E+01
  2.98816390E+01  3.26171555E+01
  2.98816390E+01  3.26171689E+01
  2.98816390E+01  3.35026364E+01
  2.98816390E+01  3.35026507E+01
  2.98816390E+01  3.35026649E+01
  2.98816390E+01  3.43844922E+01
  2.98816390E+01  3.43845074E+01
  2.98816390E+01  3.43845225E+01
  2.98816390E+01  3.52626837E+01
  2.98816390E+01  3.52626998E+01
  2.98816390E+01  3.52627159E+01
  2.98816390E+01  3.61371844E+01
  2.98816390E+01  3.61372014E+01
  2.98816390E+01  3.61372184E+01
  2.98816390E+01  3.70079671E+01
  2.98816390E+01  3.70079851E+01
  2.98816390E+01  3.70080031E+01
  2.98816390E+01  3.78750042E+01
  2.98816390E+01  3.78750231E+01
  2.98816390E+01  3.78750421E+01
  2.98816390E+01  3.87382670E+01
  2.98816390E+01  3.87382870E+01
  2.98816390E+01  3.87383071E+01
  2.98816390E+01  3.95977265E+01
  2.98816390E+01  3.95977476E+01
  2.98816390E+01  3.95977687E+01
  2.98816390E+01  4.04533528E+01
  2.98816390E+01  4.04533750E+01
  2.98816390E+01  4.04533972E+01
  2.98816390E+01  4.13051152E+01
  2.98816390E+01  4.13051385E+01
  2.98816390E+01  4.13051619E+01
  2.98816390E+01  4.21529822E+01
  2.98816390E+01  4.21530068E+01
  2.98816390E+01  4.21530313E+01
  2.98816390E+01  4.29969216E+01
  2.98816390E+01  4.29969474E+01
  2.98816390E+01  4.29969731E+01
  2.98816390E+01  4.38369003E+01
  2.98816390E+01  4.38369273E+01
  2.98816390E+01  4.38369543E+01
  2.98816390E+01  4.46728840E+01
  2.98816390E+01  4.46729123E+01
  2.98816390E+01  4.46729406E+01
  2.98816390E+01  4.55048378E+01
  2.98816390E+01  4.55048675E+01
  2.98816390E+01  4.55048971E+01
  2.98816390E+01  4.63327257E+01
  2.98816390E+01  4.63327567E+01
  2.98816390E+01  4.63327877E+01
  2.98816390E+01  4.71565106E+01
  2.98816390E+01  4.71565430E+01
  2.98816390E+01  4.71565754E+01
  2.98816390E+01  4.79761544E+01
  2.98816390E+01  4.79761882E+01
  2.98816390E+01  4.79762221E+01
  2.98816390E+01  4.87916176E+01
  2.98816390E+01  4.87916529E+01
  2.98816390E+01  4.87916883E+01
  2.98816390E+01  4.96028598E+01
  2.98816390E+01  4.96028967E+01
  2.98816390E+01  4.96029335E+01
  2.98816390E+01  5.04098392E+01
  2.98816390E+01  5.04098777E+01
  2.98816390E+01  5.04099161E+01
  2.98816390E+01  5.12125126E+01
  2.98816390E+01  5.12125527E+01
  2.98816390E+01  5.12125928E+01
  2.98816390E+01  5.20108356E+01
  2.98816390E+01  5.20108773E+01
  2.98816390E+01  5.20109190E+01
  2.98816390E+01  5.28047619E+01
  2.98816390E+01  5.28048054E+01
  2.98816390E+01  5.28048488E+01
  2.98816390E+01  5.35942441E+01
  2.98816390E+01  5.35942893E+01
  2.98816390E+01  5.35943345E+01
  2.98816390E+01  5.43792328E+01
  2.98816390E+01  5.43792799E+01
  2.98816390E+01  5.43793269E+01
  2.98816390E+01  5.51596771E+01
  2.98816390E+01  5.51597260E+01
  2.98816390E+01  5.51597749E+01
  2.98816390E+01  5.59355239E+01
  2.98816390E+01  5.59355747E+01
  2.98816390E+01  5.59356255E+01
  2.98816390E+01  5.67067183E+01
  2.98816390E+01  5.67067711E+01
  2.98816390E+01  5.67068239E+01
  2.98816390E+01  5.74732034E+01
  2.98816390E+01  5.74732582E+01
  2.98816390E+01  5.74733130E+01
  2.98816390E+01  5.82349198E+01
  2.98816390E+01  5.82349767E+01
  2.98816390E+01  5.82350336E+01
  2.98816390E+01  5.89918058E+01
  2.98816390E+01  5.89918648E+01
  2.98816390E+01  5.89919239E+01
  2.98816390E+01  5.97437971E+01
  2.98816390E+01  5.97438583E+01
  2.98816390E+01  5.97439196E+01
  2.98816390E+01  6.04908265E+01
  2.98816390E+01  6.04908901E+01
  2.98816390E+01  6.04909536E+01
  2.98816390E+01  6.12328241E+01
  2.98816390E+01  6.12328900E+01
  2.98816390E+01  6.12329558E+01
  2.98816390E+01  6.19697163E+01
  2.98816390E+01  6.19697846E+01
  2.98816390E+01  6.19698529E+01
  2.98816390E+01  6.27014265E+01
  2.98816390E+01  6.27014973E+01
  2.98816390E+01  6.27015680E+01
  2.98816390E+01  6.34278738E+01
  2.98816390E+01  6.34279471E+01
  2.98816390E+01  6.34280205E+01
  2.98816390E+01  6.41489734E+01
  2.98816390E+01  6.41490493E+01
  2.98816390E+01  6.41491253E+01
  2.98816390E+01  6.48646357E+01
  2.98816390E+01  6.48647144E+01
  2.98816390E+01  6.48647931E+01
  2.98816390E+01  6.55747662E+01
  2.98816390E+01  6.55748477E+01
  2.98816390E+01  6.55749292E+01
  2.98816390E+01  6.61026869E+01
  2.98816390E+01  6.61032281E+01
  2.98816390E+01  6.61042136E+01
  2.98816390E+01  6.62792644E+01
  2.98816390E+01  6.62793488E+01
  2.98816390E+01  6.62794332E+01
  2.98224585E+01 -9.96488821E+01
  2.98224585E+01 -9.96483242E+01
  2.98224585E+01 -9.96444119E+01
  2.98224585E+01 -9.83122323E+01
  2.98224585E+01 -9.83116698E+01
  2.98224585E+01 -9.83077470E+01
  2.98224585E+01  4.99180255E-01
  2.98224585E+01  4.99180261E-01
  2.98224585E+01  4.99180267E-01
  2.98224585E+01  1.49617324E+00
  2.98224585E+01  1.49617327E+00
  2.98224585E+01  1.49617329E+00
  2.98224585E+01  2.49014874E+00
  2.98224585E+01  2.49014881E+00
  2.98224585E+01  2.49014888E+00
  2.98224585E+01  3.48109288E+00
  2.98224585E+01  3.48109301E+00
  2.98224585E+01  3.48109314E+00
  2.98224585E+01  4.46899154E+00
  2.98224585E+01  4.46899175E+00
  2.98224585E+01  4.46899196E+00
  2.98224585E+01  5.45383041E+00
  2.98224585E+01  5.45383072E+00
  2.98224585E+01  5.45383103E+00
  2.98224585E+01  6.43559492E+00
  2.98224585E+01  6.43559536E+00
  2.98224585E+01  6.43559580E+00
  2.98224585E+01  7.41427030E+00
  2.98224585E+01  7.41427088E+00
  2.98224585E+01  7.41427147E+00
  2.98224585E+01  8.38984152E+00
  2.98224585E+01  8.38984227E+00
  2.98224585E+01  8.38984302E+00
  2.98224585E+01  9.36229332E+00
  2.98224585E+01  9.36229426E+00
  2.98224585E+01  9.36229520E+00
  2.98224585E+01  1.03316102E+01
  2.98224585E+01  1.03316113E+01
  2.98224585E+01  1.03316125E+01
  2.98224585E+01  1.12977763E+01
  2.98224585E+01  1.12977777E+01
  2.98224585E+01  1.12977791E+01
  2.98224585E+01  1.22607757E+01
  2.98224585E+01  1.22607773E+01
  2.98224585E+01  1.22607790E+01
  2.98224585E+01  1.32205920E+01
  2.98224585E+01  1.32205939E+01
  2.98224585E+01  1.32205958E+01
  2.98224585E+01  1.41772086E+01
  2.98224585E+01  1.41772108E+01
  2.98224585E+01  1.41772130E+01
  2.98224585E+01  1.51306086E+01
  2.98224585E+01  1.51306112E+01
  2.98224585E+01  1.51306137E+01
  2.98224585E+01  1.60807749E+01
  2.98224585E+01  1.60807778E+01
  2.98224585E+01  1.60807807E+01
  2.98224585E+01  1.70276900E+01
  2.98224585E+01  1.70276933E+01
  2.98224585E+01  1.70276965E+01
  2.98224585E+01  1.79713360E+01
  2.98224585E+01  1.79713397E+01
  2.98224585E+01  1.79713433E+01
  2.98224585E+01  1.89116949E+01
  2.98224585E+01  1.89116989E+01
  2.98224585E+01  1.89117030E+01
  2.98224585E+01  1.98487481E+01
  2.98224585E+01  1.98487526E+01
  2.98224585E+01  1.98487571E+01
  2.98224585E+01  2.07824769E+01
  2.98224585E+01  2.07824818E+01
  2.98224585E+01  2.07824868E+01
  2.98224585E+01  2.17128620E+01
  2.98224585E+01  2.17128675E+01
  2.98224585E+01  2.17128730E+01
  2.98224585E+01  2.26398840E+01
  2.98224585E+01  2.26398901E+01
  2.98224585E+01  2.26398961E+01
  2.98224585E+01  2.35635230E+01
  2.98224585E+01  2.35635296E+01
  2.98224585E+01  2.35635361E+01
  2.98224585E+01  2.44837587E+01
  2.98224585E+01  2.44837658E+01
  2.98224585E+01  2.44837729E+01
  2.98224585E+01  2.54005703E+01
  2.98224585E+01  2.54005780E+01
  2.98224585E+01  2.54005857E+01
  2.98224585E+01  2.63139367E+01
  2.98224585E+01  2.63139450E+01
  2.98224585E+01  2.63139534E+01
  2.98224585E+01  2.72238364E+01
  2.98224585E+01  2.72238454E+01
  2.98224585E+01  2.72238544E+01
  2.98224585E+01  2.81302474E+01
  2.98224585E+01  2.81302571E+01
  2.98224585E+01  2.81302667E+01
  2.98224585E+01  2.90331472E+01
  2.98224585E+01  2.90331576E+01
  2.98224585E+01  2.90331680E+01
  2.98224585E+01  2.99325129E+01
  2.98224585E+01  2.99325240E+01
  2.98224585E+01  2.99325352E+01
  2.98224585E+01  3.08283211E+01
  2.98224585E+01  3.08283330E+01
  2.98224585E+01  3.08283449E+01
  2.98224585E+01  3.17205478E+01
  2.98224585E+01  3.17205605E+01
  2.98224585E+01  3.17205732E+01
  2.98224585E+01  3.26091686E+01
  2.98224585E+01  3.26091821E+01
  2.98224585E+01  3.26091956E+01
  2.98224585E+01  3.34941584E+01
  2.98224585E+01  3.34941728E+01
  2.98224585E+01  3.34941872E+01
  2.98224585E+01  3.43754917E+01
  2.98224585E+01  3.43755070E+01
  2.98224585E+01  3.43755222E+01
  2.98224585E+01  3.52531423E+01
  2.98224585E+01  3.52531585E+01
  2.98224585E+01  3.52531746E+01
  2.98224585E+01  3.61270833E+01
  2.98224585E+01  3.61271005E+01
  2.98224585E+01  3.61271176E+01
  2.98224585E+01  3.69972874E+01
  2.98224585E+01  3.69973055E+01
  2.98224585E+01  3.69973236E+01
  2.98224585E+01  3.78637265E+01
  2.98224585E+01  3.78637456E+01
  2.98224585E+01  3.78637647E+01
  2.98224585E+01  3.87263717E+01
  2.98224585E+01  3.87263919E+01
  2.98224585E+01  3.87264121E+01
  2.98224585E+01  3.95851936E+01
  2.98224585E+01  3.95852149E+01
  2.98224585E+01  3.95852361E+01
  2.98224585E+01  4.04401619E+01
  2.98224585E+01  4.04401843E+01
  2.98224585E+01  4.04402066E+01
  2.98224585E+01  4.12912455E+01
  2.98224585E+01  4.12912690E+01
  2.98224585E+01  4.12912926E+01
  2.98224585E+01  4.21384127E+01
  2.98224585E+01  4.21384374E+01
  2.98224585E+01  4.21384621E+01
  2.98224585E+01  4.29816306E+01
  2.98224585E+01  4.29816566E+01
  2.98224585E+01  4.29816825E+01
  2.98224585E+01  4.38208658E+01
  2.98224585E+01  4.38208930E+01
  2.98224585E+01  4.38209202E+01
  2.98224585E+01  4.46560836E+01
  2.98224585E+01  4.46561121E+01
  2.98224585E+01  4.46561406E+01
  2.98224585E+01  4.54872487E+01
  2.98224585E+01  4.54872785E+01
  2.98224585E+01  4.54873083E+01
  2.98224585E+01  4.63143243E+01
  2.98224585E+01  4.63143555E+01
  2.98224585E+01  4.63143867E+01
  2.98224585E+01  4.71372731E+01
  2.98224585E+01  4.71373057E+01
  2.98224585E+01  4.71373384E+01
  2.98224585E+01  4.79560563E+01
  2.98224585E+01  4.79560904E+01
  2.98224585E+01  4.79561244E+01
  2.98224585E+01  4.87706339E+01
  2.98224585E+01  4.87706695E+01
  2.98224585E+01  4.87707051E+01
  2.98224585E+01  4.95809650E+01
  2.98224585E+01  4.95810021E+01
  2.98224585E+01  4.95810392E+01
  2.98224585E+01  5.03870070E+01
  2.98224585E+01  5.03870457E+01
  2.98224585E+01  5.03870844E+01
  2.98224585E+01  5.11887162E+01
  2.98224585E+01  5.11887565E+01
  2.98224585E+01  5.11887969E+01
  2.98224585E+01  5.19860473E+01
  2.98224585E+01  5.19860894E+01
  2.98224585E+01  5.19861314E+01
  2.98224585E+01  5.27789536E+01
  2.98224585E+01  5.27789974E+01
  2.98224585E+01  5.27790412E+01
  2.98224585E+01  5.35673867E+01
  2.98224585E+01  5.35674323E+01
  2.98224585E+01  5.35674778E+01
  2.98224585E+01  5.43512966E+01
  2.98224585E+01  5.43513439E+01
  2.98224585E+01  5.43513913E+01
  2.98224585E+01  5.51306312E+01
  2.98224585E+01  5.51306805E+01
  2.98224585E+01  5.51307297E+01
  2.98224585E+01  5.59053368E+01
  2.98224585E+01  5.59053880E+01
  2.98224585E+01  5.59054392E+01
  2.98224585E+01  5.66753576E+01
  2.98224585E+01  5.66754108E+01
  2.98224585E+01  5.66754640E+01
  2.98224585E+01  5.74406354E+01
  2.98224585E+01  5.74406906E+01
  2.98224585E+01  5.74407459E+01
  2.98224585E+01  5.82011099E+01
  2.98224585E+01  5.82011672E+01
  2.98224585E+01  5.82012246E+01
  2.98224585E+01  5.89567182E+01
  2.98224585E+01  5.89567777E+01
  2.98224585E+01  5.89568372E+01
  2.98224585E+01  5.97073948E+01
  2.98224585E+01  5.97074565E+01
  2.98224585E+01  5.97075183E+01
  2.98224585E+01  6.04530712E+01
  2.98224585E+01  6.04531352E+01
  2.98224585E+01  6.04531993E+01
  2.98224585E+01  6.11936759E+01
  2.98224585E+01  6.11937423E+01
  2.98224585E+01  6.11938087E+01
  2.98224585E+01  6.19291339E+01
  2.98224585E+01  6.19292028E+01
  2.98224585E+01  6.19292716E+01
  2.98224585E+01  6.26593669E+01
  2.98224585E+01  6.26594383E+01
  2.98224585E+01  6.26595096E+01
  2.98224585E+01  6.33842922E+01
  2.98224585E+01  6.33843662E+01
  2.98224585E+01  6.33844401E+01
  2.98224585E+01  6.41038230E+01
  2.98224585E+01  6.41038996E+01
  2.98224585E+01  6.41039762E+01
  2.98224585E+01  6.48178676E+01
  2.98224585E+01  6.48179469E+01
  2.98224585E+01  6.48180263E+01
  2.98224585E+01  6.55263289E+01
  2.98224585E+01  6.55264110E+01
  2.98224585E+01  6.55264932E+01
  2.98224585E+01  6.57840364E+01
  2.98224585E+01  6.57845765E+01
  2.98224585E+01  6.57855619E+01
  2.98224585E+01  6.62291038E+01
  2.98224585E+01  6.62291889E+01
  2.98224585E+01  6.62292740E+01
  2.97632780E+01 -9.99721218E+01
  2.97632780E+01 -9.99715650E+01
  2.97632780E+01 -9.99676469E+01
  2.97632780E+01 -9.86381461E+01
  2.97632780E+01 -9.86375847E+01
  2.97632780E+01 -9.86336561E+01
  2.97632780E+01  4.99176708E-01
  2.97632780E+01  4.99176714E-01
  2.97632780E+01  4.99176720E-01
  2.97632780E+01  1.49615768E+00
  2.97632780E+01  1.49615770E+00
  2.97632780E+01  1.49615773E+00
  2.97632780E+01  2.49010907E+00
  2.97632780E+01  2.49010914E+00
  2.97632780E+01  2.49010921E+00
  2.97632780E+01  3.48101689E+00
  2.97632780E+01  3.48101702E+00
  2.97632780E+01  3.48101715E+00
  2.97632780E+01  4.46886691E+00
  2.97632780E+01  4.46886713E+00
  2.97632780E+01  4.46886734E+00
  2.97632780E+01  5.45364470E+00
  2.97632780E+01  5.45364501E+00
  2.97632780E+01  5.45364533E+00
  2.97632780E+01  6.43533557E+00
  2.97632780E+01  6.43533601E+00
  2.97632780E+01  6.43533645E+00
  2.97632780E+01  7.41392462E+00
  2.97632780E+01  7.41392521E+00
  2.97632780E+01  7.41392579E+00
  2.97632780E+01  8.38939670E+00
  2.97632780E+01  8.38939746E+00
  2.97632780E+01  8.38939821E+00
  2.97632780E+01  9.36173642E+00
  2.97632780E+01  9.36173737E+00
  2.97632780E+01  9.36173831E+00
  2.97632780E+01  1.03309281E+01
  2.97632780E+01  1.03309293E+01
  2.97632780E+01  1.03309304E+01
  2.97632780E+01  1.12969559E+01
  2.97632780E+01  1.12969573E+01
  2.97632780E+01  1.12969587E+01
  2.97632780E+01  1.22598035E+01
  2.97632780E+01  1.22598052E+01
  2.97632780E+01  1.22598068E+01
  2.97632780E+01  1.32194546E+01
  2.97632780E+01  1.32194565E+01
  2.97632780E+01  1.32194585E+01
  2.97632780E+01  1.41758924E+01
  2.97632780E+01  1.41758946E+01
  2.97632780E+01  1.41758968E+01
  2.97632780E+01  1.51290998E+01
  2.97632780E+01  1.51291023E+01
  2.97632780E+01  1.51291049E+01
  2.97632780E+01  1.60790595E+01
  2.97632780E+01  1.60790624E+01
  2.97632780E+01  1.60790653E+01
  2.97632780E+01  1.70257538E+01
  2.97632780E+01  1.70257571E+01
  2.97632780E+01  1.70257604E+01
  2.97632780E+01  1.79691649E+01
  2.97632780E+01  1.79691686E+01
  2.97632780E+01  1.79691722E+01
  2.97632780E+01  1.89092743E+01
  2.97632780E+01  1.89092784E+01
  2.97632780E+01  1.89092825E+01
  2.97632780E+01  1.98460635E+01
  2.97632780E+01  1.98460681E+01
  2.97632780E+01  1.98460726E+01
  2.97632780E+01  2.07795135E+01
  2.97632780E+01  2.07795185E+01
  2.97632780E+01  2.07795235E+01
  2.97632780E+01  2.17096048E+01
  2.97632780E+01  2.17096103E+01
  2.97632780E+01  2.17096159E+01
  2.97632780E+01  2.26363179E+01
  2.97632780E+01  2.26363239E+01
  2.97632780E+01  2.26363300E+01
  2.97632780E+01  2.35596326E+01
  2.97632780E+01  2.35596392E+01
  2.97632780E+01  2.35596457E+01
  2.97632780E+01  2.44795283E+01
  2.97632780E+01  2.44795355E+01
  2.97632780E+01  2.44795427E+01
  2.97632780E+01  2.53959843E+01
  2.97632780E+01  2.53959920E+01
  2.97632780E+01  2.53959998E+01
  2.97632780E+01  2.63089791E+01
  2.97632780E+01  2.63089875E+01
  2.97632780E+01  2.63089959E+01
  2.97632780E+01  2.72184909E+01
  2.97632780E+01  2.72185000E+01
  2.97632780E+01  2.72185091E+01
  2.97632780E+01  2.81244977E+01
  2.97632780E+01  2.81245074E+01
  2.97632780E+01  2.81245172E+01
  2.97632780E+01  2.90269766E+01
  2.97632780E+01  2.90269871E+01
  2.97632780E+01  2.90269975E+01
  2.97632780E+01  2.99259045E+01
  2.97632780E+01  2.99259157E+01
  2.97632780E+01  2.99259269E+01
  2.97632780E+01  3.08212578E+01
  2.97632780E+01  3.08212697E+01
  2.97632780E+01  3.08212817E+01
  2.97632780E+01  3.17130121E+01
  2.97632780E+01  3.17130249E+01
  2.97632780E+01  3.17130377E+01
  2.97632780E+01  3.26011429E+01
  2.97632780E+01  3.26011565E+01
  2.97632780E+01  3.26011701E+01
  2.97632780E+01  3.34856247E+01
  2.97632780E+01  3.34856392E+01
  2.97632780E+01  3.34856536E+01
  2.97632780E+01  3.43664318E+01
  2.97632780E+01  3.43664471E+01
  2.97632780E+01  3.43664625E+01
  2.97632780E+01  3.52435376E+01
  2.97632780E+01  3.52435539E+01
  2.97632780E+01  3.52435702E+01
  2.97632780E+01  3.61169150E+01
  2.97632780E+01  3.61169323E+01
  2.97632780E+01  3.61169495E+01
  2.97632780E+01  3.69865364E+01
  2.97632780E+01  3.69865546E+01
  2.97632780E+01  3.69865729E+01
  2.97632780E+01  3.78523732E+01
  2.97632780E+01  3.78523925E+01
  2.97632780E+01  3.78524117E+01
  2.97632780E+01  3.87143964E+01
  2.97632780E+01  3.87144167E+01
  2.97632780E+01  3.87144370E+01
  2.97632780E+01  3.95725760E+01
  2.97632780E+01  3.95725974E+01
  2.97632780E+01  3.95726187E+01
  2.97632780E+01  4.04268814E+01
  2.97632780E+01  4.04269039E+01
  2.97632780E+01  4.04269264E+01
  2.97632780E+01  4.12772813E+01
  2.97632780E+01  4.12773049E+01
  2.97632780E+01  4.12773286E+01
  2.97632780E+01  4.21237433E+01
  2.97632780E+01  4.21237682E+01
  2.97632780E+01  4.21237930E+01
  2.97632780E+01  4.29662343E+01
  2.97632780E+01  4.29662604E+01
  2.97632780E+01  4.29662865E+01
  2.97632780E+01  4.38047204E+01
  2.97632780E+01  4.38047478E+01
  2.97632780E+01  4.38047751E+01
  2.97632780E+01  4.46391664E+01
  2.97632780E+01  4.46391951E+01
  2.97632780E+01  4.46392238E+01
  2.97632780E+01  4.54695366E+01
  2.97632780E+01  4.54695666E+01
  2.97632780E+01  4.54695966E+01
  2.97632780E+01  4.62957937E+01
  2.97632780E+01  4.62958251E+01
  2.97632780E+01  4.62958565E+01
  2.97632780E+01  4.71178998E+01
  2.97632780E+01  4.71179326E+01
  2.97632780E+01  4.71179655E+01
  2.97632780E+01  4.79358155E+01
  2.97632780E+01  4.79358498E+01
  2.97632780E+01  4.79358842E+01
  2.97632780E+01  4.87495005E+01
