           1  0.20311263962915127     
           2  0.21089768545465723     
           3  0.21868273128016316     
           4  0.22646777710566909     
           5  0.23425282293117503     
           6  0.24203786875668098     
           7  0.24982291458218694     
           8  0.25760796040769290     
           9  0.26539300623319884     
          10  0.27317805205870477     
          11  0.28096309788421064     
          12  0.28874814370971663     
          13  0.29653318953522262     
          14  0.30431823536072855     
          15  0.31210328118623448     
          16  0.31988832701174036     
          17  0.32767337283724635     
          18  0.33545841866275233     
          19  0.34324346448825827     
          20  0.35102851031376420     
          21  0.35881355613927007     
          22  0.36659860196477606     
          23  0.37438364779028205     
          24  0.38216869361578798     
          25  0.38995373944129397     
          26  0.39773878526679995     
          27  0.40552383109230589     
          28  0.41330887691781176     
          29  0.42109392274331769     
          30  0.42887896856882368     
          31  0.43666401439432967     
          32  0.44444906021983560     
          33  0.45223410604534148     
          34  0.46001915187084741     
          35  0.46780419769635340     
          36  0.47558924352185938     
          37  0.48337428934736532     
          38  0.49115933517287119     
          39  0.49894438099837712     
          40  0.50672942682388311     
          41  0.51451447264938910     
          42  0.52229951847489497     
          43  0.53008456430040096     
          44  0.53786961012590695     
          45  0.54565465595141294     
          46  0.55343970177691892     
          47  0.56122474760242491     
          48  0.56900979342793079     
          49  0.57679483925343666     
          50  0.58457988507894265     
          51  0.59236493090444864     
          52  0.60014997672995463     
          53  0.60793502255546050     
          54  0.61572006838096638     
          55  0.62350511420647237     
          56  0.63129016003197835     
          57  0.63907520585748434     
          58  0.64686025168299022     
          59  0.65464529750849609     
          60  0.66243034333400208     
          61  0.67021538915950796     
          62  0.67800043498501383     
          63  0.68578548081051982     
          64  0.69357052663602570     
          65  0.70135557246153157     
          66  0.70914061828703756     
          67  0.71692566411254355     
          68  0.72471070993804954     
          69  0.73249575576355552     
          70  0.74028080158906151     
          71  0.74806584741456739     
          72  0.75585089324007326     
          73  0.76363593906557925     
          74  0.77142098489108524     
          75  0.77920603071659122     
          76  0.78699107654209721     
          77  0.79477612236760320     
          78  0.80256116819310908     
          79  0.81034621401861495     
          80  0.81813125984412094     
          81  0.82591630566962682     
          82  0.83370135149513269     
          83  0.84148639732063868     
          84  0.84927144314614467     
          85  0.85705648897165065     
          86  0.86484153479715664     
          87  0.87262658062266263     
          88  0.88041162644816851     
          89  0.88819667227367438     
          90  0.89598171809918037     
          91  0.90376676392468624     
          92  0.91155180975019212     
          93  0.91933685557569811     
          94  0.92712190140120410     
          95  0.93490694722671008     
          96  0.94269199305221607     
          97  0.95047703887772206     
          98  0.95826208470322793     
          99  0.96604713052873381     
         100  0.97383217635423980     
         101  0.98161722217974567     
         102  0.98940226800525155     
         103  0.99718731383075754     
         104   1.0049723596562634     
         105   1.0127574054817694     
         106   1.0205424513072752     
         107   1.0283274971327814     
         108   1.0361125429582874     
         109   1.0438975887837934     
         110   1.0516826346092991     
         111   1.0594676804348051     
         112   1.0672527262603111     
         113   1.0750377720858169     
         114   1.0828228179113228     
         115   1.0906078637368288     
         116   1.0983929095623346     
         117   1.1061779553878408     
         118   1.1139630012133468     
         119   1.1217480470388528     
         120   1.1295330928643585     
         121   1.1373181386898645     
         122   1.1451031845153705     
         123   1.1528882303408763     
         124   1.1606732761663823     
         125   1.1684583219918883     
         126   1.1762433678173940     
         127   1.1840284136429002     
         128   1.1918134594684062     
         129   1.1995985052939122     
         130   1.2073835511194180     
         131   1.2151685969449240     
         132   1.2229536427704299     
         133   1.2307386885959357     
         134   1.2385237344214417     
         135   1.2463087802469477     
         136   1.2540938260724535     
         137   1.2618788718979597     
         138   1.2696639177234657     
         139   1.2774489635489716     
         140   1.2852340093744774     
         141   1.2930190551999834     
         142   1.3008041010254894     
         143   1.3085891468509951     
         144   1.3163741926765011     
         145   1.3241592385020071     
         146   1.3319442843275129     
         147   1.3397293301530191     
         148   1.3475143759785251     
         149   1.3552994218040311     
         150   1.3630844676295368     
         151   1.3708695134550428     
         152   1.3786545592805488     
         153   1.3864396051060546     
         154   1.3942246509315606     
         155   1.4020096967570665     
         156   1.4097947425825723     
         157   1.4175797884080783     
         158   1.4253648342335845     
         159   1.4331498800590907     
         160   1.4409349258845967     
         161   1.4487199717101025     
         162   1.4565050175356085     
         163   1.4642900633611144     
         164   1.4720751091866202     
         165   1.4798601550121262     
         166   1.4876452008376322     
         167   1.4954302466631380     
         168   1.5032152924886439     
         169   1.5110003383141499     
         170   1.5187853841396557     
         171   1.5265704299651617     
         172   1.5343554757906677     
         173   1.5421405216161734     
         174   1.5499255674416794     
         175   1.5577106132671856     
         176   1.5654956590926918     
         177   1.5732807049181978     
         178   1.5810657507437036     
         179   1.5888507965692096     
         180   1.5966358423947156     
         181   1.6044208882202213     
         182   1.6122059340457273     
         183   1.6199909798712333     
         184   1.6277760256967391     
         185   1.6355610715222451     
         186   1.6433461173477510     
         187   1.6511311631732568     
         188   1.6589162089987628     
         189   1.6667012548242688     
         190   1.6744863006497746     
         191   1.6822713464752805     
         192   1.6900563923007865     
         193   1.6978414381262923     
         194   1.7056264839517983     
         195   1.7134115297773045     
         196   1.7211965756028107     
         197   1.7289816214283167     
         198   1.7367666672538224     
         199   1.7445517130793284     
         200   1.7523367589048344     
         201   1.7601218047303402     
         202   1.7679068505558462     
         203   1.7756918963813522     
         204   1.7834769422068579     
         205   1.7912619880323639     
         206   1.7990470338578699     
         207   1.8068320796833757     
         208   1.8146171255088817     
         209   1.8224021713343876     
         210   1.8301872171598934     
         211   1.8379722629853994     
         212   1.8457573088109054     
         213   1.8535423546364111     
         214   1.8613274004619171     
         215   1.8691124462874233     
         216   1.8768974921129296     
         217   1.8846825379384355     
         218   1.8924675837639413     
         219   1.9002526295894473     
         220   1.9080376754149533     
         221   1.9158227212404590     
         222   1.9236077670659650     
         223   1.9313928128914710     
         224   1.9391778587169768     
         225   1.9469629045424828     
         226   1.9547479503679888     
         227   1.9625329961934945     
         228   1.9703180420190005     
         229   1.9781030878445065     
         230   1.9858881336700123     
         231   1.9936731794955183     
         232   2.0014582253210245     
         233   2.0092432711465307     
         234   2.0170283169720364     
         235   2.0248133627975426     
         236   2.0325984086230484     
         237   2.0403834544485542     
         238   2.0481685002740604     
         239   2.0559535460995662     
         240   2.0637385919250719     
         241   2.0715236377505781     
         242   2.0793086835760843     
         243   2.0870937294015905     
         244   2.0948787752270963     
         245   2.1026638210526021     
         246   2.1104488668781083     
         247   2.1182339127036141     
         248   2.1260189585291198     
         249   2.1338040043546260     
         250   2.1415890501801318     
         251   2.1493740960056376     
         252   2.1571591418311438     
         253   2.1649441876566495     
         254   2.1727292334821553     
         255   2.1805142793076615     
         256   2.1882993251331673     
         257   2.1960843709586730     
         258   2.2038694167841792     
         259   2.2116544626096855     
         260   2.2194395084351917     
         261   2.2272245542606974     
         262   2.2350096000862032     
         263   2.2427946459117094     
         264   2.2505796917372152     
         265   2.2583647375627209     
         266   2.2661497833882271     
         267   2.2739348292137329     
         268   2.2817198750392387     
         269   2.2895049208647449     
         270   2.2972899666902507     
         271   2.3050750125157564     
         272   2.3128600583412626     
         273   2.3206451041667684     
         274   2.3284301499922742     
         275   2.3362151958177804     
         276   2.3440002416432866     
         277   2.3517852874687928     
         278   2.3595703332942985     
         279   2.3673553791198043     
         280   2.3751404249453105     
         281   2.3829254707708163     
         282   2.3907105165963221     
         283   2.3984955624218283     
         284   2.4062806082473340     
         285   2.4140656540728398     
         286   2.4218506998983460     
         287   2.4296357457238518     
         288   2.4374207915493575     
         289   2.4452058373748637     
         290   2.4529908832003695     
         291   2.4607759290258753     
         292   2.4685609748513815     
         293   2.4763460206768872     
         294   2.4841310665023930     
         295   2.4919161123278992     
         296   2.4997011581534054     
         297   2.5074862039789116     
         298   2.5152712498044174     
         299   2.5230562956299232     
         300   2.5308413414554294     
         301   2.5386263872809351     
         302   2.5464114331064409     
         303   2.5541964789319471     
         304   2.5619815247574529     
         305   2.5697665705829587     
         306   2.5775516164084649     
         307   2.5853366622339706     
         308   2.5931217080594764     
         309   2.6009067538849826     
         310   2.6086917997104884     
         311   2.6164768455359941     
         312   2.6242618913615003     
         313   2.6320469371870066     
         314   2.6398319830125128     
         315   2.6476170288380185     
         316   2.6554020746635243     
         317   2.6631871204890305     
         318   2.6709721663145363     
         319   2.6787572121400416     
         320   2.6865422579655474     
         321   2.6943273037910536     
         322   2.7021123496165593     
         323   2.7098973954420651     
         324   2.7176824412675713     
         325   2.7254674870930771     
         326   2.7332525329185828     
         327   2.7410375787440890     
         328   2.7488226245695953     
         329   2.7566076703951015     
         330   2.7643927162206072     
         331   2.7721777620461130     
         332   2.7799628078716192     
         333   2.7877478536971254     
         334   2.7955328995226316     
         335   2.8033179453481374     
         336   2.8111029911736432     
         337   2.8188880369991494     
         338   2.8266730828246551     
         339   2.8344581286501609     
         340   2.8422431744756671     
         341   2.8500282203011729     
         342   2.8578132661266786     
         343   2.8655983119521848     
         344   2.8733833577776906     
         345   2.8811684036031964     
         346   2.8889534494287026     
         347   2.8967384952542083     
         348   2.9045235410797141     
         349   2.9123085869052203     
         350   2.9200936327307261     
         351   2.9278786785562319     
         352   2.9356637243817381     
         353   2.9434487702072438     
         354   2.9512338160327496     
         355   2.9590188618582558     
         356   2.9668039076837616     
         357   2.9745889535092673     
         358   2.9823739993347735     
         359   2.9901590451602793     
         360   2.9979440909857851     
         361   3.0057291368112913     
         362   3.0135141826367970     
         363   3.0212992284623028     
         364   3.0290842742878090     
         365   3.0368693201133152     
         366   3.0446543659388214     
         367   3.0524394117643272     
         368   3.0602244575898330     
         369   3.0680095034153392     
         370   3.0757945492408454     
         371   3.0835795950663516     
         372   3.0913646408918574     
         373   3.0991496867173631     
         374   3.1069347325428693     
         375   3.1147197783683751     
         376   3.1225048241938809     
         377   3.1302898700193871     
         378   3.1380749158448928     
         379   3.1458599616703986     
         380   3.1536450074959048     
         381   3.1614300533214106     
         382   3.1692150991469163     
         383   3.1770001449724226     
         384   3.1847851907979283     
         385   3.1925702366234341     
         386   3.2003552824489403     
         387   3.2081403282744461     
         388   3.2159253740999518     
         389   3.2237104199254580     
         390   3.2314954657509638     
         391   3.2392805115764696     
         392   3.2470655574019758     
         393   3.2548506032274815     
         394   3.2626356490529873     
         395   3.2704206948784935     
         396   3.2782057407039993     
         397   3.2859907865295050     
         398   3.2937758323550113     
         399   3.3015608781805170     
         400   3.3093459240060232     
  
           1  0.20313004302605694     
           2  0.21091500161649068     
           3  0.21869996020692439     
           4  0.22648491879735813     
           5  0.23426987738779190     
           6  0.24205483597822564     
           7  0.24983979456865937     
           8  0.25762475315909311     
           9  0.26540971174952682     
          10  0.27319467033996059     
          11  0.28097962893039430     
          12  0.28876458752082801     
          13  0.29654954611126177     
          14  0.30433450470169560     
          15  0.31211946329212931     
          16  0.31990442188256302     
          17  0.32768938047299673     
          18  0.33547433906343049     
          19  0.34325929765386420     
          20  0.35104425624429791     
          21  0.35882921483473162     
          22  0.36661417342516534     
          23  0.37439913201559905     
          24  0.38218409060603281     
          25  0.38996904919646663     
          26  0.39775400778690040     
          27  0.40553896637733411     
          28  0.41332392496776782     
          29  0.42110888355820153     
          30  0.42889384214863524     
          31  0.43667880073906901     
          32  0.44446375932950283     
          33  0.45224871791993654     
          34  0.46003367651037025     
          35  0.46781863510080401     
          36  0.47560359369123772     
          37  0.48338855228167144     
          38  0.49117351087210515     
          39  0.49895846946253891     
          40  0.50674342805297268     
          41  0.51452838664340639     
          42  0.52231334523384010     
          43  0.53009830382427392     
          44  0.53788326241470763     
          45  0.54566822100514134     
          46  0.55345317959557505     
          47  0.56123813818600876     
          48  0.56902309677644247     
          49  0.57680805536687618     
          50  0.58459301395730989     
          51  0.59237797254774371     
          52  0.60016293113817765     
          53  0.60794788972861136     
          54  0.61573284831904507     
          55  0.62351780690947878     
          56  0.63130276549991249     
          57  0.63908772409034620     
          58  0.64687268268077991     
          59  0.65465764127121362     
          60  0.66244259986164744     
          61  0.67022755845208115     
          62  0.67801251704251486     
          63  0.68579747563294857     
          64  0.69358243422338228     
          65  0.70136739281381599     
          66  0.70915235140424970     
          67  0.71693730999468341     
          68  0.72472226858511712     
          69  0.73250722717555083     
          70  0.74029218576598466     
          71  0.74807714435641859     
          72  0.75586210294685241     
          73  0.76364706153728612     
          74  0.77143202012771983     
          75  0.77921697871815354     
          76  0.78700193730858725     
          77  0.79478689589902096     
          78  0.80257185448945467     
          79  0.81035681307988838     
          80  0.81814177167032209     
          81  0.82592673026075580     
          82  0.83371168885118951     
          83  0.84149664744162322     
          84  0.84928160603205693     
          85  0.85706656462249076     
          86  0.86485152321292469     
          87  0.87263648180335840     
          88  0.88042144039379211     
          89  0.88820639898422582     
          90  0.89599135757465953     
          91  0.90377631616509324     
          92  0.91156127475552695     
          93  0.91934623334596077     
          94  0.92713119193639448     
          95  0.93491615052682819     
          96  0.94270110911726190     
          97  0.95048606770769561     
          98  0.95827102629812932     
          99  0.96605598488856304     
         100  0.97384094347899675     
         101  0.98162590206943046     
         102  0.98941086065986417     
         103  0.99719581925029799     
         104   1.0049807778407318     
         105   1.0127657364311655     
         106   1.0205506950215992     
         107   1.0283356536120329     
         108   1.0361206122024667     
         109   1.0439055707929004     
         110   1.0516905293833343     
         111   1.0594754879737680     
         112   1.0672604465642017     
         113   1.0750454051546354     
         114   1.0828303637450691     
         115   1.0906153223355028     
         116   1.0984002809259366     
         117   1.1061852395163703     
         118   1.1139701981068040     
         119   1.1217551566972377     
         120   1.1295401152876714     
         121   1.1373250738781051     
         122   1.1451100324685388     
         123   1.1528949910589725     
         124   1.1606799496494062     
         125   1.1684649082398399     
         126   1.1762498668302739     
         127   1.1840348254207080     
         128   1.1918197840111417     
         129   1.1996047426015755     
         130   1.2073897011920092     
         131   1.2151746597824429     
         132   1.2229596183728766     
         133   1.2307445769633103     
         134   1.2385295355537440     
         135   1.2463144941441777     
         136   1.2540994527346114     
         137   1.2618844113250451     
         138   1.2696693699154789     
         139   1.2774543285059126     
         140   1.2852392870963463     
         141   1.2930242456867800     
         142   1.3008092042772139     
         143   1.3085941628676476     
         144   1.3163791214580813     
         145   1.3241640800485150     
         146   1.3319490386389488     
         147   1.3397339972293825     
         148   1.3475189558198162     
         149   1.3553039144102499     
         150   1.3630888730006836     
         151   1.3708738315911173     
         152   1.3786587901815510     
         153   1.3864437487719847     
         154   1.3942287073624184     
         155   1.4020136659528522     
         156   1.4097986245432859     
         157   1.4175835831337196     
         158   1.4253685417241533     
         159   1.4331535003145870     
         160   1.4409384589050207     
         161   1.4487234174954544     
         162   1.4565083760858881     
         163   1.4642933346763218     
         164   1.4720782932667555     
         165   1.4798632518571893     
         166   1.4876482104476232     
         167   1.4954331690380573     
         168   1.5032181276284911     
         169   1.5110030862189248     
         170   1.5187880448093585     
         171   1.5265730033997922     
         172   1.5343579619902259     
         173   1.5421429205806596     
         174   1.5499278791710933     
         175   1.5577128377615270     
         176   1.5654977963519610     
         177   1.5732827549423947     
         178   1.5810677135328284     
         179   1.5888526721232621     
         180   1.5966376307136958     
         181   1.6044225893041295     
         182   1.6122075478945632     
         183   1.6199925064849969     
         184   1.6277774650754306     
         185   1.6355624236658644     
         186   1.6433473822562981     
         187   1.6511323408467318     
         188   1.6589172994371655     
         189   1.6667022580275992     
         190   1.6744872166180329     
         191   1.6822721752084666     
         192   1.6900571337989003     
         193   1.6978420923893340     
         194   1.7056270509797677     
         195   1.7134120095702015     
         196   1.7211969681606352     
         197   1.7289819267510689     
         198   1.7367668853415026     
         199   1.7445518439319365     
         200   1.7523368025223707     
         201   1.7601217611128044     
         202   1.7679067197032381     
         203   1.7756916782936718     
         204   1.7834766368841055     
         205   1.7912615954745392     
         206   1.7990465540649729     
         207   1.8068315126554066     
         208   1.8146164712458404     
         209   1.8224014298362741     
         210   1.8301863884267078     
         211   1.8379713470171417     
         212   1.8457563056075754     
         213   1.8535412641980091     
         214   1.8613262227884428     
         215   1.8691111813788766     
         216   1.8768961399693103     
         217   1.8846810985597440     
         218   1.8924660571501777     
         219   1.9002510157406114     
         220   1.9080359743310451     
         221   1.9158209329214788     
         222   1.9236058915119125     
         223   1.9313908501023462     
         224   1.9391758086927799     
         225   1.9469607672832137     
         226   1.9547457258736474     
         227   1.9625306844640811     
         228   1.9703156430545148     
         229   1.9781006016449485     
         230   1.9858855602353824     
         231   1.9936705188258166     
         232   2.0014554774162501     
         233   2.0092404360066838     
         234   2.0170253945971175     
         235   2.0248103531875512     
         236   2.0325953117779849     
         237   2.0403802703684186     
         238   2.0481652289588523     
         239   2.0559501875492860     
         240   2.0637351461397198     
         241   2.0715201047301535     
         242   2.0793050633205872     
         243   2.0870900219110209     
         244   2.0948749805014546     
         245   2.1026599390918883     
         246   2.1104448976823220     
         247   2.1182298562727557     
         248   2.1260148148631894     
         249   2.1337997734536231     
         250   2.1415847320440569     
         251   2.1493696906344906     
         252   2.1571546492249243     
         253   2.1649396078153580     
         254   2.1727245664057917     
         255   2.1805095249962254     
         256   2.1882944835866591     
         257   2.1960794421770928     
         258   2.2038644007675265     
         259   2.2116493593579603     
         260   2.2194343179483940     
         261   2.2272192765388277     
         262   2.2350042351292614     
         263   2.2427891937196951     
         264   2.2505741523101288     
         265   2.2583591109005625     
         266   2.2661440694909967     
         267   2.2739290280814308     
         268   2.2817139866718645     
         269   2.2894989452622982     
         270   2.2972839038527320     
         271   2.3050688624431657     
         272   2.3128538210335994     
         273   2.3206387796240331     
         274   2.3284237382144668     
         275   2.3362086968049005     
         276   2.3439936553953342     
         277   2.3517786139857679     
         278   2.3595635725762016     
         279   2.3673485311666354     
         280   2.3751334897570691     
         281   2.3829184483475028     
         282   2.3907034069379365     
         283   2.3984883655283702     
         284   2.4062733241188039     
         285   2.4140582827092376     
         286   2.4218432412996713     
         287   2.4296281998901050     
         288   2.4374131584805387     
         289   2.4451981170709725     
         290   2.4529830756614062     
         291   2.4607680342518399     
         292   2.4685529928422736     
         293   2.4763379514327073     
         294   2.4841229100231410     
         295   2.4919078686135747     
         296   2.4996928272040084     
         297   2.5074777857944421     
         298   2.5152627443848758     
         299   2.5230477029753100     
         300   2.5308326615657442     
         301   2.5386176201561779     
         302   2.5464025787466116     
         303   2.5541875373370453     
         304   2.5619724959274790     
         305   2.5697574545179127     
         306   2.5775424131083464     
         307   2.5853273716987801     
         308   2.5931123302892138     
         309   2.6008972888796476     
         310   2.6086822474700813     
         311   2.6164672060605150     
         312   2.6242521646509487     
         313   2.6320371232413824     
         314   2.6398220818318161     
         315   2.6476070404222498     
         316   2.6553919990126835     
         317   2.6631769576031172     
         318   2.6709619161935509     
         319   2.6787468747839847     
         320   2.6865318333744184     
         321   2.6943167919648521     
         322   2.7021017505552858     
         323   2.7098867091457195     
         324   2.7176716677361532     
         325   2.7254566263265869     
         326   2.7332415849170206     
         327   2.7410265435074543     
         328   2.7488115020978880     
         329   2.7565964606883218     
         330   2.7643814192787555     
         331   2.7721663778691892     
         332   2.7799513364596229     
         333   2.7877362950500566     
         334   2.7955212536404908     
         335   2.8033062122309249     
         336   2.8110911708213586     
         337   2.8188761294117923     
         338   2.8266610880022260     
         339   2.8344460465926598     
         340   2.8422310051830935     
         341   2.8500159637735272     
         342   2.8578009223639609     
         343   2.8655858809543946     
         344   2.8733708395448283     
         345   2.8811557981352620     
         346   2.8889407567256957     
         347   2.8967257153161294     
         348   2.9045106739065631     
         349   2.9122956324969969     
         350   2.9200805910874306     
         351   2.9278655496778643     
         352   2.9356505082682980     
         353   2.9434354668587317     
         354   2.9512204254491654     
         355   2.9590053840395991     
         356   2.9667903426300328     
         357   2.9745753012204665     
         358   2.9823602598109002     
         359   2.9901452184013340     
         360   2.9979301769917677     
         361   3.0057151355822014     
         362   3.0135000941726351     
         363   3.0212850527630688     
         364   3.0290700113535025     
         365   3.0368549699439362     
         366   3.0446399285343699     
         367   3.0524248871248041     
         368   3.0602098457152382     
         369   3.0679948043056720     
         370   3.0757797628961057     
         371   3.0835647214865394     
         372   3.0913496800769731     
         373   3.0991346386674068     
         374   3.1069195972578405     
         375   3.1147045558482742     
         376   3.1224895144387079     
         377   3.1302744730291416     
         378   3.1380594316195753     
         379   3.1458443902100091     
         380   3.1536293488004428     
         381   3.1614143073908765     
         382   3.1691992659813102     
         383   3.1769842245717439     
         384   3.1847691831621776     
         385   3.1925541417526113     
         386   3.2003391003430450     
         387   3.2081240589334787     
         388   3.2159090175239124     
         389   3.2236939761143462     
         390   3.2314789347047799     
         391   3.2392638932952136     
         392   3.2470488518856473     
         393   3.2548338104760810     
         394   3.2626187690665147     
         395   3.2704037276569484     
         396   3.2781886862473821     
         397   3.2859736448378158     
         398   3.2937586034282496     
         399   3.3015435620186833     
         400   3.3093285206091174     
  
           1  0.20314748072137126     
           2  0.21093235190481094     
           3  0.21871722308825062     
           4  0.22650209427169030     
           5  0.23428696545512998     
           6  0.24207183663856965     
           7  0.24985670782200931     
           8  0.25764157900544898     
           9  0.26542645018888872     
          10  0.27321132137232840     
          11  0.28099619255576808     
          12  0.28878106373920781     
          13  0.29656593492264743     
          14  0.30435080610608711     
          15  0.31213567728952679     
          16  0.31992054847296653     
          17  0.32770541965640615     
          18  0.33549029083984583     
          19  0.34327516202328545     
          20  0.35106003320672513     
          21  0.35884490439016486     
          22  0.36662977557360454     
          23  0.37441464675704417     
          24  0.38219951794048385     
          25  0.38998438912392358     
          26  0.39776926030736326     
          27  0.40555413149080288     
          28  0.41333900267424256     
          29  0.42112387385768230     
          30  0.42890874504112197     
          31  0.43669361622456160     
          32  0.44447848740800128     
          33  0.45226335859144101     
          34  0.46004822977488069     
          35  0.46783310095832031     
          36  0.47561797214175999     
          37  0.48340284332519973     
          38  0.49118771450863941     
          39  0.49897258569207903     
          40  0.50675745687551865     
          41  0.51454232805895839     
          42  0.52232719924239823     
          43  0.53011207042583786     
          44  0.53789694160927748     
          45  0.54568181279271710     
          46  0.55346668397615684     
          47  0.56125155515959646     
          48  0.56903642634303608     
          49  0.57682129752647582     
          50  0.58460616870991566     
          51  0.59239103989335529     
          52  0.60017591107679491     
          53  0.60796078226023453     
          54  0.61574565344367427     
          55  0.62353052462711389     
          56  0.63131539581055351     
          57  0.63910026699399325     
          58  0.64688513817743309     
          59  0.65467000936087272     
          60  0.66245488054431234     
          61  0.67023975172775196     
          62  0.67802462291119170     
          63  0.68580949409463132     
          64  0.69359436527807095     
          65  0.70137923646151057     
          66  0.70916410764495019     
          67  0.71694897882838993     
          68  0.72473385001182977     
          69  0.73251872119526940     
          70  0.74030359237870902     
          71  0.74808846356214875     
          72  0.75587333474558838     
          73  0.76365820592902800     
          74  0.77144307711246773     
          75  0.77922794829590758     
          76  0.78701281947934720     
          77  0.79479769066278683     
          78  0.80258256184622656     
          79  0.81036743302966618     
          80  0.81815230421310581     
          81  0.82593717539654543     
          82  0.83372204657998505     
          83  0.84150691776342479     
          84  0.84929178894686463     
          85  0.85707666013030426     
          86  0.86486153131374388     
          87  0.87264640249718362     
          88  0.88043127368062324     
          89  0.88821614486406286     
          90  0.89600101604750260     
          91  0.90378588723094244     
          92  0.91157075841438207     
          93  0.91935562959782169     
          94  0.92714050078126142     
          95  0.93492537196470105     
          96  0.94271024314814067     
          97  0.95049511433158029     
          98  0.95827998551501992     
          99  0.96606485669845965     
         100  0.97384972788189950     
         101  0.98163459906533912     
         102  0.98941947024877874     
         103  0.99720434143221848     
         104   1.0049892126156583     
         105   1.0127740837990979     
         106   1.0205589549825376     
         107   1.0283438261659772     
         108   1.0361286973494168     
         109   1.0439135685328564     
         110   1.0516984397162961     
         111   1.0594833108997357     
         112   1.0672681820831755     
         113   1.0750530532666154     
         114   1.0828379244500550     
         115   1.0906227956334946     
         116   1.0984076668169342     
         117   1.1061925380003739     
         118   1.1139774091838135     
         119   1.1217622803672533     
         120   1.1295471515506932     
         121   1.1373320227341328     
         122   1.1451168939175724     
         123   1.1529017651010121     
         124   1.1606866362844517     
         125   1.1684715074678913     
         126   1.1762563786513309     
         127   1.1840412498347705     
         128   1.1918261210182104     
         129   1.1996109922016502     
         130   1.2073958633850899     
         131   1.2151807345685295     
         132   1.2229656057519691     
         133   1.2307504769354087     
         134   1.2385353481188484     
         135   1.2463202193022882     
         136   1.2541050904857280     
         137   1.2618899616691677     
         138   1.2696748328526073     
         139   1.2774597040360469     
         140   1.2852445752194865     
         141   1.2930294464029262     
         142   1.3008143175863660     
         143   1.3085991887698059     
         144   1.3163840599532455     
         145   1.3241689311366851     
         146   1.3319538023201247     
         147   1.3397386735035646     
         148   1.3475235446870044     
         149   1.3553084158704440     
         150   1.3630932870538837     
         151   1.3708781582373233     
         152   1.3786630294207629     
         153   1.3864479006042025     
         154   1.3942327717876422     
         155   1.4020176429710818     
         156   1.4098025141545214     
         157   1.4175873853379610     
         158   1.4253722565214009     
         159   1.4331571277048407     
         160   1.4409419988882803     
         161   1.4487268700717200     
         162   1.4565117412551596     
         163   1.4642966124385992     
         164   1.4720814836220388     
         165   1.4798663548054787     
         166   1.4876512259889185     
         167   1.4954360971723581     
         168   1.5032209683557978     
         169   1.5110058395392374     
         170   1.5187907107226770     
         171   1.5265755819061166     
         172   1.5343604530895565     
         173   1.5421453242729963     
         174   1.5499301954564360     
         175   1.5577150666398756     
         176   1.5654999378233152     
         177   1.5732848090067548     
         178   1.5810696801901944     
         179   1.5888545513736343     
         180   1.5966394225570741     
         181   1.6044242937405138     
         182   1.6122091649239534     
         183   1.6199940361073930     
         184   1.6277789072908326     
         185   1.6355637784742723     
         186   1.6433486496577119     
         187   1.6511335208411515     
         188   1.6589183920245911     
         189   1.6667032632080307     
         190   1.6744881343914706     
         191   1.6822730055749104     
         192   1.6900578767583501     
         193   1.6978427479417897     
         194   1.7056276191252293     
         195   1.7134124903086689     
         196   1.7211973614921086     
         197   1.7289822326755484     
         198   1.7367671038589882     
         199   1.7445519750424279     
         200   1.7523368462258675     
         201   1.7601217174093071     
         202   1.7679065885927467     
         203   1.7756914597761864     
         204   1.7834763309596262     
         205   1.7912612021430661     
         206   1.7990460733265057     
         207   1.8068309445099453     
         208   1.8146158156933849     
         209   1.8224006868768245     
         210   1.8301855580602642     
         211   1.8379704292437040     
         212   1.8457553004271439     
         213   1.8535401716105835     
         214   1.8613250427940231     
         215   1.8691099139774627     
         216   1.8768947851609024     
         217   1.8846796563443420     
         218   1.8924645275277816     
         219   1.9002493987112212     
         220   1.9080342698946609     
         221   1.9158191410781005     
         222   1.9236040122615403     
         223   1.9313888834449802     
         224   1.9391737546284198     
         225   1.9469586258118594     
         226   1.9547434969952990     
         227   1.9625283681787387     
         228   1.9703132393621783     
         229   1.9780981105456181     
         230   1.9858829817290580     
         231   1.9936678529124976     
         232   2.0014527240959370     
         233   2.0092375952793766     
         234   2.0170224664628162     
         235   2.0248073376462563     
         236   2.0325922088296959     
         237   2.0403770800131356     
         238   2.0481619511965756     
         239   2.0559468223800148     
         240   2.0637316935634544     
         241   2.0715165647468941     
         242   2.0793014359303341     
         243   2.0870863071137737     
         244   2.0948711782972134     
         245   2.1026560494806534     
         246   2.1104409206640926     
         247   2.1182257918475322     
         248   2.1260106630309719     
         249   2.1337955342144119     
         250   2.1415804053978515     
         251   2.1493652765812912     
         252   2.1571501477647312     
         253   2.1649350189481704     
         254   2.1727198901316100     
         255   2.1805047613150497     
         256   2.1882896324984897     
         257   2.1960745036819289     
         258   2.2038593748653685     
         259   2.2116442460488082     
         260   2.2194291172322482     
         261   2.2272139884156879     
         262   2.2349988595991275     
         263   2.2427837307825675     
         264   2.2505686019660067     
         265   2.2583534731494463     
         266   2.2661383443328860     
         267   2.2739232155163260     
         268   2.2817080866997657     
         269   2.2894929578832053     
         270   2.2972778290666453     
         271   2.3050627002500845     
         272   2.3128475714335242     
         273   2.3206324426169638     
         274   2.3284173138004038     
         275   2.3362021849838430     
         276   2.3439870561672826     
         277   2.3517719273507223     
         278   2.3595567985341623     
         279   2.3673416697176020     
         280   2.3751265409010416     
         281   2.3829114120844817     
         282   2.3906962832679208     
         283   2.3984811544513605     
         284   2.4062660256348001     
         285   2.4140508968182401     
         286   2.4218357680016798     
         287   2.4296206391851194     
         288   2.4374055103685595     
         289   2.4451903815519986     
         290   2.4529752527354383     
         291   2.4607601239188779     
         292   2.4685449951023180     
         293   2.4763298662857576     
         294   2.4841147374691972     
         295   2.4918996086526373     
         296   2.4996844798360764     
         297   2.5074693510195161     
         298   2.5152542222029557     
         299   2.5230390933863958     
         300   2.5308239645698354     
         301   2.5386088357532750     
         302   2.5463937069367151     
         303   2.5541785781201543     
         304   2.5619634493035939     
         305   2.5697483204870335     
         306   2.5775331916704736     
         307   2.5853180628539127     
         308   2.5931029340373524     
         309   2.6008878052207920     
         310   2.6086726764042321     
         311   2.6164575475876717     
         312   2.6242424187711113     
         313   2.6320272899545514     
         314   2.6398121611379906     
         315   2.6475970323214302     
         316   2.6553819035048698     
         317   2.6631667746883099     
         318   2.6709516458717495     
         319   2.6787365170551887     
         320   2.6865213882386283     
         321   2.6943062594220684     
         322   2.7020911306055080     
         323   2.7098760017889476     
         324   2.7176608729723877     
         325   2.7254457441558273     
         326   2.7332306153392665     
         327   2.7410154865227061     
         328   2.7488003577061462     
         329   2.7565852288895858     
         330   2.7643701000730254     
         331   2.7721549712564655     
         332   2.7799398424399051     
         333   2.7877247136233443     
         334   2.7955095848067839     
         335   2.8032944559902240     
         336   2.8110793271736636     
         337   2.8188641983571032     
         338   2.8266490695405433     
         339   2.8344339407239829     
         340   2.8422188119074221     
         341   2.8500036830908617     
         342   2.8577885542743018     
         343   2.8655734254577414     
         344   2.8733582966411810     
         345   2.8811431678246211     
         346   2.8889280390080607     
         347   2.8967129101914999     
         348   2.9044977813749395     
         349   2.9122826525583796     
         350   2.9200675237418192     
         351   2.9278523949252588     
         352   2.9356372661086989     
         353   2.9434221372921385     
         354   2.9512070084755777     
         355   2.9589918796590169     
         356   2.9667767508424565     
         357   2.9745616220258966     
         358   2.9823464932093366     
         359   2.9901313643927767     
         360   2.9979162355762163     
         361   3.0057011067596555     
         362   3.0134859779430947     
         363   3.0212708491265343     
         364   3.0290557203099744     
