          40   12.102381105143948               19          20
          40   12.102381105143948               20          21
          40   12.102381105143948               22          23
          40   12.102381105143948               23          24
          40   12.102381105143948               39          40
          40   12.102381105143948               43          44
          41   12.400674753391549               18          19
          41   12.400674753391549               19          20
          41   12.400674753391549               21          22
          41   12.400674753391549               22          23
          41   12.400674753391549               37          38
          41   12.400674753391549               42          43
          42   12.698968401639149               17          18
          42   12.698968401639149               18          19
          42   12.698968401639149               20          21
          42   12.698968401639149               21          22
          42   12.698968401639149               36          37
          42   12.698968401639149               41          42
          43   12.997262049886750               16          17
          43   12.997262049886750               17          18
          43   12.997262049886750               19          20
          43   12.997262049886750               20          21
          43   12.997262049886750               35          36
          43   12.997262049886750               39          40
          44   13.295555698134351               15          16
          44   13.295555698134351               16          17
          44   13.295555698134351               18          19
          44   13.295555698134351               19          20
          44   13.295555698134351               34          35
          44   13.295555698134351               38          39
          45   13.593849346381953               14          15
          45   13.593849346381953               15          16
          45   13.593849346381953               17          18
          45   13.593849346381953               18          19
          45   13.593849346381953               33          34
          45   13.593849346381953               37          38
          46   13.892142994629554               13          14
          46   13.892142994629554               14          15
          46   13.892142994629554               16          17
          46   13.892142994629554               17          18
          46   13.892142994629554               36          37
          47   14.190436642877154               12          13
          47   14.190436642877154               13          14
          47   14.190436642877154               15          16
          47   14.190436642877154               16          17
          48   14.488730291124755               11          12
          48   14.488730291124755               12          13
          48   14.488730291124755               14          15
          48   14.488730291124755               15          16
          49   14.787023939372355               10          11
          49   14.787023939372355               11          12
          49   14.787023939372355               13          14
          49   14.787023939372355               14          15
          50   15.085317587619956               12          13
          50   15.085317587619956               13          14
          50   15.085317587619956               31          32
          51   15.383611235867557                9          10
          51   15.383611235867557               10          11
          51   15.383611235867557               11          12
          51   15.383611235867557               12          13
          51   15.383611235867557               30          31
          52   15.681904884115157                8           9
          52   15.681904884115157                9          10
          52   15.681904884115157               10          11
          52   15.681904884115157               11          12
          52   15.681904884115157               29          30
          53   15.980198532362758                7           8
          53   15.980198532362758                8           9
          53   15.980198532362758                9          10
          53   15.980198532362758               10          11
          53   15.980198532362758               28          29
          54   16.278492180610360                6           7
          54   16.278492180610360                7           8
          54   16.278492180610360                8           9
          54   16.278492180610360                9          10
          54   16.278492180610360               27          28
          55   16.576785828857961               26          27
          56   16.875079477105562                5           6
          56   16.875079477105562                6           7
          56   16.875079477105562                7           8
          56   16.875079477105562                8           9
          56   16.875079477105562               25          26
          57   17.173373125353166                4           5
          57   17.173373125353166                5           6
          57   17.173373125353166                6           7
          57   17.173373125353166                7           8
          57   17.173373125353166               24          25
          58   17.471666773600766                3           4
          58   17.471666773600766                4           5
          58   17.471666773600766                5           6
          58   17.471666773600766                6           7
          58   17.471666773600766               23          24
          60   18.068254070095968                4           5
          60   18.068254070095968                5           6
          63   18.963135014838770               19          20
          64   19.261428663086370               18          19
          68   20.454603256076773               15          16
          71   21.349484200819575               13          14
          74   22.244365145562380               11          12
          76   22.840952442057581               10          11
          78   23.437539738552783                9          10
          80   24.034127035047984                8           9
          83   24.929007979790786                7           8
          86   25.823888924533588                6           7
          87   26.122182572781188                6           7
          93   27.911944462266796                5           6
          94   28.210238110514396                5           6
          95   28.508531758761997                5           6
          96   28.806825407009597                4           5
          96   28.806825407009597                5           6
          97   29.105119055257198                3           4
          97   29.105119055257198                4           5
          97   29.105119055257198                5           6
          98   29.403412703504799                3           4
          98   29.403412703504799                4           5
