          40   12.102381105143948               19          20
          40   12.102381105143948               22          23
          41   12.400674753391549               18          19
          41   12.400674753391549               21          22
          42   12.698968401639149               17          18
          42   12.698968401639149               20          21
          43   12.997262049886750               16          17
          43   12.997262049886750               19          20
          44   13.295555698134351               15          16
          44   13.295555698134351               18          19
          45   13.593849346381953               14          15
          45   13.593849346381953               17          18
          46   13.892142994629554               13          14
          46   13.892142994629554               16          17
          47   14.190436642877154               12          13
          47   14.190436642877154               15          16
          48   14.488730291124755               11          12
          48   14.488730291124755               14          15
          49   14.787023939372355               10          11
          49   14.787023939372355               13          14
          50   15.085317587619956               12          13
          51   15.383611235867557                9          10
          51   15.383611235867557               10          11
          51   15.383611235867557               11          12
          52   15.681904884115157                8           9
          52   15.681904884115157                9          10
          52   15.681904884115157               10          11
          53   15.980198532362758                7           8
          53   15.980198532362758                8           9
          53   15.980198532362758                9          10
          54   16.278492180610360                6           7
          54   16.278492180610360                7           8
          54   16.278492180610360                8           9
          56   16.875079477105562                5           6
          56   16.875079477105562                6           7
          56   16.875079477105562                7           8
          57   17.173373125353166                4           5
          57   17.173373125353166                5           6
          57   17.173373125353166                6           7
          58   17.471666773600766                3           4
          58   17.471666773600766                4           5
          58   17.471666773600766                5           6
          60   18.068254070095968                4           5
          96   28.806825407009597                5           6
