 eEnergy Differences
   4.5629109924885114E-003
   1.8249947402413369E-002
   4.1056018760862401E-002
   7.2972638473117968E-002
  0.11398792041326544     
  0.16408657477253996     
  0.22324990382043097     
  0.29145579838819913     
  0.36867873614977498     
  0.45488978295600191     
  0.55005659876371737     
  0.65414344995883766     
  0.76711123017219052     
  0.88891749206550230     
   1.0195164928982194     
   1.1588592572443304     
   1.3068936606323405     
   1.4635645386745182     
   1.6288138269599131     
   1.8025807379397065     
   1.9848019823875802     
   2.1754120444893488     
   2.3743435216051694     
   2.5815275425270556     
   2.7968942812676687     
   3.0203735880149907     
   3.2518957646393574     
   3.4913925196287892     
   3.7387981476877030     
   3.9940509914476934     
   4.2570952604282866     
   4.5278833039274105     
   4.8063784621945160     
   5.0925586580588060     
   5.3864209366302020     
   5.6879872217441516     
   5.9973116332903373     
   6.3144898079217455     
   6.6396707873200285     
   6.9730721949035797     
   7.3149996153952088     
   7.6658713379165420     
   8.0262499264881626     
   8.3968824628573202     
   8.7787517753822613     
   9.1731415482645389     
   9.5817189187000622     
   10.006639042519964     
   10.450677173976146     
   10.917395098311317     
   11.411350317310280     
   11.938358266370415     
   12.505820086746098     
   13.123131142529019     
   13.802188621213645     
   14.558020237014716     
   15.409560331425382     
   16.380604561334621     
   17.500979909691523     
   18.807972920345492     
   20.348065761078033     
   22.179036796693254     
   24.372489486257109     
   27.016880113180378     
   30.221120331967541     
   34.118833607397391     
   38.873343635685160     
   44.683465341891861     
   51.790151671328204     
   60.484017467162630     
   71.113709043445851     
   84.095006449260836     
   99.920424623906001     
   119.16890730930027     
   142.51497001643293     
   170.73633236169553     
   204.71867671924701     
   245.45568095105045     
   294.04191863732922     
   351.65564825993351     
   419.52799416204653     
   498.89461260519602     
   590.92556020068150     
   696.62829157428496     
   816.71634334091505     
   951.43023916181846     
   1100.2851578488408     
   1261.7018546712570     
   1432.4595647260576     
   1606.9077227323942     
   1775.9079741584501     
   1925.5629859543842     
   2035.9211869502105     
   2080.0098613938389     
   2023.7187158433881     
   1827.1868978203347     
   1448.3226789665205     
   848.66633350027405     
   9015.4997091026453     
   9820.8375063608764     
   142231.23285672936     
   627232.60027628182     
