 Predicted eEnergies
   4.9348022005446790     
   19.739208802178716     
   44.413219804902113     
   78.956835208714864     
   123.37005501361698     
   177.65287921960845     
   241.80530782668927     
   315.82734083485946     
   399.71897824411900     
   493.48022005446791     
   597.11106626590617     
   710.61151687843380     
   833.98157189205074     
   967.22123130675709     
   1110.3304951225527     
   1263.3093633394378     
   1426.1578359574123     
   1598.8759129764760     
   1781.4635943966291     
   1973.9208802178716     
   2176.2477704402036     
   2388.4442650636247     
   2610.5103640881352     
   2842.4460675137352     
   3084.2513753404241     
   3335.9262875682030     
   3597.4708041970712     
   3868.8849252270284     
   4150.1686506580754     
   4441.3219804902110     
   4742.3449147234369     
   5053.2374533577513     
   5373.9995963931551     
   5704.6313438296493     
   6045.1326956672319     
   6395.5036519059040     
   6755.7442125456655     
   7125.8543775865164     
   7505.8341470284568     
   7895.6835208714865     
   8295.4024991156057     
   8704.9910817608143     
   9124.4492688071114     
   9553.7770602544988     
   9992.9744561029747     
   10442.041456352541     
   10900.978061003196     
   11369.784270054941     
   11848.460083507774     
   12337.005501361697     
   12835.420523616711     
   13343.705150272812     
   13861.859381330003     
   14389.883216788285     
   14927.776656647655     
   15475.539700908113     
   16033.172349569662     
   16600.674602632302     
   17178.046460096026     
   17765.287921960844     
   18362.398988226749     
   18969.379658893748     
   19586.229933961829     
   20212.949813431005     
   20849.539297301268     
   21495.998385572620     
   22152.327078245064     
   22818.525375318597     
   23494.593276793217     
   24180.530782668928     
   24876.337892945729     
   25582.014607623616     
   26297.560926702594     
   27022.976850182662     
   27758.262378063821     
   28503.417510346066     
   29258.442247029401     
   30023.336588113827     
   30798.100533599343     
   31582.734083485946     
   32377.237237773639     
   33181.609996462423     
   33995.852359552293     
   34819.964327043257     
   35653.945898935308     
   36497.797075228445     
   37351.517855922677     
   38215.108241017995     
   39088.568230514400     
   39971.897824411899     
   40865.097022710484     
   41768.165825410164     
   42681.104232510930     
   43603.912244012783     
   44536.589859915730     
   45479.137080219763     
   46431.553904924884     
   47393.840334031098     
   48365.996367538399     
   49348.022005446786     
   50339.917247756268     
   51341.682094466843     
