  0.000000000000 -1.869124266763E-03 -1.869124266763E-01  1.000000000000E+02
  0.001001001001 -3.007797640074E-03 -1.948546303420E+00  6.478315819716E+02
  0.002002002002 -5.525993859524E-03 -2.977674113516E+00  5.388486106230E+02
  0.003003003003 -8.789665853978E-03 -3.468149863951E+00  3.945712978818E+02
  0.004004004004 -1.234580536356E-02 -3.587835092646E+00  2.906116682541E+02
  0.005005005005 -1.589642445212E-02 -3.478598868454E+00  2.188290127086E+02
  0.006006006006 -1.927253701964E-02 -3.256317791164E+00  1.689615533152E+02
  0.007007007007 -2.240814031473E-02 -3.010875991498E+00  1.343652774934E+02
  0.008008008008 -2.531419644703E-02 -2.806165131115E+00  1.108534152757E+02
  0.009009009009 -2.805261389971E-02 -2.680084402603E+00  9.553777812595E+01
  0.010010010010 -3.071022904185E-02 -2.644540529490E+00  8.611269313187E+01
  0.011011011011 -3.337294274390E-02 -2.686299979480E+00  8.049335055931E+01
  0.012012012012 -3.610526093706E-02 -2.779301826669E+00  7.697775212077E+01
  0.013013013013 -3.894619826575E-02 -2.899671277526E+00  7.445325620077E+01
  0.014014014014 -4.191284904726E-02 -3.027486394178E+00  7.223289427937E+01
  0.015015015015 -4.500434416804E-02 -3.146778179630E+00  6.992165396034E+01
  0.016016016016 -4.820580798145E-02 -3.245530577764E+00  6.732654660645E+01
  0.017017017017 -5.149231520552E-02 -3.315680473343E+00  6.439175360652E+01
  0.018018018018 -5.483284782077E-02 -3.353117692005E+00  6.115162398578E+01
  0.019019019019 -5.819425196793E-02 -3.357685000267E+00  5.769788057621E+01
  0.020020020020 -6.154519484576E-02 -3.333178105525E+00  5.415821842596E+01
  0.021021021021 -6.486010482566E-02 -3.287243194904E+00  5.068205183664E+01
  0.022022022022 -6.812230274786E-02 -3.229390569500E+00  4.740577519015E+01
  0.023023023023 -7.132420147776E-02 -3.168041042888E+00  4.441747649815E+01
  0.024024024024 -7.446587533830E-02 -3.110081161972E+00  4.176518637353E+01
  0.025025025025 -7.755352406650E-02 -3.060862957125E+00  3.946774816449E+01
  0.026026026026 -8.059793676080E-02 -3.024203942184E+00  3.752210123144E+01
  0.027027027027 -8.361295582854E-02 -3.002387114450E+00  3.590815663313E+01
  0.028028028028 -8.661394093338E-02 -2.996160954693E+00  3.459213288768E+01
  0.029029029029 -8.961623294263E-02 -3.004739427145E+00  3.352896376562E+01
  0.030030030030 -9.263361787476E-02 -3.025801979506E+00  3.266418875702E+01
  0.031031031031 -9.567679477375E-02 -3.055520513997E+00  3.193585781403E+01
  0.032032032032 -9.875211676272E-02 -3.089282660703E+00  3.128320447172E+01
  0.033033033033 -1.018615227211E-01 -3.123004476466E+00  3.065931465621E+01
  0.034034034034 -1.050032530085E-01 -3.153380737060E+00  3.003126709613E+01
  0.035035035035 -1.081726294679E-01 -3.177885470553E+00  2.937790720429E+01
  0.036036036036 -1.113628354581E-01 -3.194771957307E+00  2.868795450623E+01
  0.037037037037 -1.145656958859E-01 -3.203072729982E+00  2.795839282618E+01
  0.038038038038 -1.177724572384E-01 -3.202599573531E+00  2.719311160373E+01
  0.039039039039 -1.209745676157E-01 -3.193943525204E+00  2.640177673832E+01
  0.040040040040 -1.241644567626E-01 -3.178474874545E+00  2.559891097195E+01
  0.041041041041 -1.273363150357E-01 -3.158334797971E+00  2.480309562191E+01
  0.042042042042 -1.304867589440E-01 -3.136111434655E+00  2.403394382721E+01
  0.043043043043 -1.336148989836E-01 -3.114120721415E+00  2.330668769055E+01
  0.044044044044 -1.367219420011E-01 -3.094234467751E+00  2.263158657977E+01
  0.045045045045 -1.398107457938E-01 -3.077879463905E+00  2.201461301439E+01
  0.046046046046 -1.428853736454E-01 -3.066037480863E+00  2.145802192792E+01
  0.047047047047 -1.459506488608E-01 -3.059245270353E+00  2.096081993627E+01
  0.048048048048 -1.490117093015E-01 -3.057594564846E+00  2.051915637489E+01
  0.049049049049 -1.520735619210E-01 -3.060732077557E+00  2.012665475113E+01
  0.050050050050 -1.551406373000E-01 -3.067859502443E+00  1.977469962632E+01
  0.051051051051 -1.582163444676E-01 -3.077736132445E+00  1.945270662649E+01
  0.052052052052 -1.613026762133E-01 -3.088834501415E+00  1.914930721504E+01
  0.053053053053 -1.644001382507E-01 -3.099764658425E+00  1.885500031453E+01
  0.054054054054 -1.675079763667E-01 -3.109400253463E+00  1.856269964516E+01
  0.055055055055 -1.706244414350E-01 -3.116879800087E+00  1.826748720097E+01
  0.056056056056 -1.737470545450E-01 -3.121606675429E+00  1.796638615603E+01
  0.057057057057 -1.768728721301E-01 -3.123249120192E+00  1.765815798985E+01
  0.058058058058 -1.799987510969E-01 -3.121740238651E+00  1.734312165850E+01
  0.059059059059 -1.831216139535E-01 -3.117277998652E+00  1.702299325214E+01
  0.060060060060 -1.862387139385E-01 -3.110325231614E+00  1.670074479059E+01
  0.061061061061 -1.893479000806E-01 -3.101608877031E+00  1.638047676109E+01
  0.062062062062 -1.924478596027E-01 -3.092044540380E+00  1.606692091439E+01
  0.063063063063 -1.955381820295E-01 -3.082482632931E+00  1.576409579417E+01
  0.064064064064 -1.986192295215E-01 -3.073615244985E+00  1.547491273825E+01
  0.065065065065 -2.016919769984E-01 -3.065974579277E+00  1.520127188451E+01
  0.066066066066 -2.047578520917E-01 -3.059932950979E+00  1.494415437416E+01
  0.067067067067 -2.078185750967E-01 -3.055702787695E+00  1.470370387379E+01
  0.068068068068 -2.108759989254E-01 -3.053336629466E+00  1.447929894832E+01
  0.069069069069 -2.139319490586E-01 -3.052727128766E+00  1.426961770881E+01
  0.070070070070 -2.169880634982E-01 -3.053607050504E+00  1.407269598740E+01
  0.071071071071 -2.200456327334E-01 -3.055549459164E+00  1.388598092682E+01
  0.072072072072 -2.231054497279E-01 -3.058003790765E+00  1.370654008898E+01
  0.073073073073 -2.261677575689E-01 -3.060446742492E+00  1.353175525720E+01
  0.074074074074 -2.292323225220E-01 -3.062450235946E+00  1.335959171138E+01
  0.075075075075 -2.322985308842E-01 -3.063683172302E+00  1.318856025753E+01
  0.076076076076 -2.353654860605E-01 -3.063911432317E+00  1.301767512136E+01
  0.077077077077 -2.384321056407E-01 -3.062997876326E+00  1.284641541078E+01
  0.078078078078 -2.414972184760E-01 -3.060902344242E+00  1.267468985174E+01
  0.079079079079 -2.445596617555E-01 -3.057681655557E+00  1.250280456559E+01
  0.080080080080 -2.476183780833E-01 -3.053489609342E+00  1.233143368832E+01
  0.081081081081 -2.506725125525E-01 -3.048576948311E+00  1.216159249879E+01
  0.082082082082 -2.537215054897E-01 -3.043274494838E+00  1.199454689095E+01
  0.083083083083 -2.567651323712E-01 -3.037904705010E+00  1.183145342576E+01
  0.084084084084 -2.598034635195E-01 -3.032732936509E+00  1.167318131724E+01
  0.085085085085 -2.628368053930E-01 -3.027965631377E+00  1.152032580388E+01
  0.086086086086 -2.658656416115E-01 -3.023750316019E+00  1.137322708452E+01
  0.087087087087 -2.688905739817E-01 -3.020175601198E+00  1.123198763153E+01
  0.088088088088 -2.719122635223E-01 -3.017271182040E+00  1.109648804712E+01
  0.089089089089 -2.749313714897E-01 -3.015007838031E+00  1.096640162123E+01
  0.090090090090 -2.779485004029E-01 -3.013297433019E+00  1.084120773687E+01
  0.091091091091 -2.809641350698E-01 -3.011992919525E+00  1.072020426656E+01
  0.092092092092 -2.839785854328E-01 -3.010896016718E+00  1.060254600582E+01
  0.093093093093 -2.869919575554E-01 -3.009808196785E+00  1.048743045771E+01
  0.094094094094 -2.900041752174E-01 -3.008564974451E+00  1.037421262020E+01
  0.095095095095 -2.930150154722E-01 -3.007037675708E+00  1.026240130002E+01
  0.096096096096 -2.960241444938E-01 -3.005133437816E+00  1.015164976814E+01
  0.097097097097 -2.990311534243E-01 -3.002795209302E+00  1.004174707189E+01
  0.098098098098 -3.020355942207E-01 -3.000001749963E+00  9.932609955141E+00
  0.099099099099 -3.050370155019E-01 -2.996767630860E+00  9.824275345501E+00
  0.100100100100 -3.080349983962E-01 -2.993143234324E+00  9.716893372209E+00
  0.101101101101 -3.110291923882E-01 -2.989214753789E+00  9.610720880689E+00
  0.102102102102 -3.140193504238E-01 -2.985100796571E+00  9.506104615981E+00
  0.103103103103 -3.170053492718E-01 -2.980923514455E+00  9.403385530568E+00
  0.104104104104 -3.199871784210E-01 -2.976784927367E+00  9.302825638377E+00
  0.105105105105 -3.229649185859E-01 -2.972765284658E+00  9.204607415797E+00
  0.106106106106 -3.259387199147E-01 -2.968923065108E+00  9.108838207025E+00
  0.107107107107 -3.289087801967E-01 -2.965294976922E+00  9.015554328312E+00
  0.108108108108 -3.318753230700E-01 -2.961895957732E+00  8.924724894680E+00
  0.109109109109 -3.348385762288E-01 -2.958719174596E+00  8.836255391835E+00
  0.110110110110 -3.377987496318E-01 -2.955736023999E+00  8.749991014533E+00
  0.111111111111 -3.407560137090E-01 -2.952896131850E+00  8.665719790852E+00
  0.112112112112 -3.437104778619E-01 -2.950128812112E+00  8.583179746116E+00
  0.113113113113 -3.466621765554E-01 -2.947359111661E+00  8.502107558855E+00
  0.114114114114 -3.496110746830E-01 -2.944523855151E+00  8.422284270658E+00
  0.115115115115 -3.525570805243E-01 -2.941573103638E+00  8.343537163581E+00
  0.116116116116 -3.555000589950E-01 -2.938470154583E+00  8.265737459763E+00
  0.117117117117 -3.584398448962E-01 -2.935191541848E+00  8.188798158579E+00
  0.118118118118 -3.613762561643E-01 -2.931727035697E+00  8.112672002345E+00
  0.119119119119 -3.643091071205E-01 -2.928079642797E+00  8.037349562686E+00
  0.120120120120 -3.672382217205E-01 -2.924265606220E+00  7.962857440382E+00
  0.121121121121 -3.701634468042E-01 -2.920314405436E+00  7.889256572061E+00
  0.122122122122 -3.730846652349E-01 -2.916268150618E+00  7.816639016191E+00
  0.123123123123 -3.760018051984E-01 -2.912172831355E+00  7.745103324220E+00
  0.124124124124 -3.789148378709E-01 -2.908067645902E+00  7.674726231999E+00
  0.125125125125 -3.818237696390E-01 -2.903983745493E+00  7.605560408767E+00
  0.126126126126 -3.847286340439E-01 -2.899944234279E+00  7.537635563534E+00
  0.127127127127 -3.876294837265E-01 -2.895964169331E+00  7.470959488143E+00
  0.128128128128 -3.905263823724E-01 -2.892050560634E+00  7.405519040904E+00
  0.129129129129 -3.934193966565E-01 -2.888202371096E+00  7.341281074704E+00
  0.130130130130 -3.963085881881E-01 -2.884410516539E+00  7.278193313260E+00
  0.131131131131 -3.991940054557E-01 -2.880657865704E+00  7.216185178972E+00
  0.132132132132 -4.020756758113E-01 -2.876919481867E+00  7.155169175708E+00
  0.133133133133 -4.049535993621E-01 -2.873167306921E+00  7.095053140526E+00
  0.134134134134 -4.078277497761E-01 -2.869377126325E+00  7.035757443922E+00
  0.135135135135 -4.106980789307E-01 -2.865529617941E+00  6.977216999410E+00
  0.136136136136 -4.135645218107E-01 -2.861610352622E+00  6.919380656961E+00
  0.137137137137 -4.164270014064E-01 -2.857609794220E+00  6.862210626518E+00
  0.138138138138 -4.192854336112E-01 -2.853523299577E+00  6.805681931281E+00
  0.139139139139 -4.221397321197E-01 -2.849351118530E+00  6.749781889096E+00
  0.140140140140 -4.249898133257E-01 -2.845098393909E+00  6.694509620467E+00
  0.141141141141 -4.278356012197E-01 -2.840775161541E+00  6.639875581747E+00
  0.142142142142 -4.306770322737E-01 -2.836396258533E+00  6.585900909454E+00
  0.143143143143 -4.335140593970E-01 -2.831978863954E+00  6.532611348047E+00
  0.144144144144 -4.363466518429E-01 -2.827538035301E+00  6.480026885410E+00
  0.145145145145 -4.391747924506E-01 -2.823085857432E+00  6.428160053722E+00
  0.146146146146 -4.419984746674E-01 -2.818631440761E+00  6.377016216815E+00
  0.147147147147 -4.448176995714E-01 -2.814180921251E+00  6.326593847240E+00
  0.148148148148 -4.476324728940E-01 -2.809737460418E+00  6.276884789551E+00
  0.149149149149 -4.504428020430E-01 -2.805301245328E+00  6.227874510603E+00
  0.150150150150 -4.532486931241E-01 -2.800869488600E+00  6.179542337551E+00
  0.151151151151 -4.560501479646E-01 -2.796436428405E+00  6.131861684259E+00
  0.152152152152 -4.588471611396E-01 -2.791993361149E+00  6.084800337905E+00
  0.153153153153 -4.616397174416E-01 -2.787529907071E+00  6.038323397562E+00
  0.154154154154 -4.644277916865E-01 -2.783036820081E+00  5.992399399645E+00
  0.155155155155 -4.672113503367E-01 -2.778506659478E+00  5.947001624587E+00
  0.156156156156 -4.699903533118E-01 -2.773933793441E+00  5.902107934543E+00
  0.157157157157 -4.727647557995E-01 -2.769314399026E+00  5.857700611254E+00
  0.158158158158 -4.755345100657E-01 -2.764646462168E+00  5.813766201291E+00
  0.159159159159 -4.782995672660E-01 -2.759929777677E+00  5.770295368347E+00
  0.160160160160 -4.810598792555E-01 -2.755165949244E+00  5.727282752218E+00
  0.161161161161 -4.838154004004E-01 -2.750358389436E+00  5.684726834161E+00
  0.162162162162 -4.865660893866E-01 -2.745512308971E+00  5.642629786289E+00
  0.163163163163 -4.893119108232E-01 -2.740634079089E+00  5.600996048673E+00
  0.164164164164 -4.920528355179E-01 -2.735729493399E+00  5.559828733676E+00
  0.165165165165 -4.947888395322E-01 -2.730803251331E+00  5.519128632555E+00
  0.166166166166 -4.975199030816E-01 -2.725858952964E+00  5.478894283587E+00
  0.167167167167 -5.002460094350E-01 -2.720899099032E+00  5.439122047380E+00
  0.168168168168 -5.029671438145E-01 -2.715925090913E+00  5.399806178820E+00
  0.169169169169 -5.056832922945E-01 -2.710937230640E+00  5.360938895843E+00
  0.170170170170 -5.083944407017E-01 -2.705934720892E+00  5.322510445152E+00
  0.171171171171 -5.111005735144E-01 -2.700915665002E+00  5.284509165056E+00
  0.172172172172 -5.138016727622E-01 -2.695877070096E+00  5.246921551661E+00
  0.173173173173 -5.164977170208E-01 -2.690815161147E+00  5.209732923252E+00
  0.174174174174 -5.191886811473E-01 -2.685726437758E+00  5.172929486488E+00
  0.175175175175 -5.218745368245E-01 -2.680608061826E+00  5.136499048483E+00
  0.176176176176 -5.245552532284E-01 -2.675457864070E+00  5.100430979585E+00
  0.177177177177 -5.272307976986E-01 -2.670274344026E+00  5.064716165448E+00
  0.178178178178 -5.299011364075E-01 -2.665056670052E+00  5.029346961058E+00
  0.179179179179 -5.325662350297E-01 -2.659804679324E+00  4.994317146627E+00
  0.180180180180 -5.352260594115E-01 -2.654518877835E+00  4.959621885291E+00
  0.181181181181 -5.378805762405E-01 -2.649200440402E+00  4.925257682512E+00
  0.182182182182 -5.405297537150E-01 -2.643851209875E+00  4.891222345679E+00
  0.183183183183 -5.431735621715E-01 -2.638473546172E+00  4.857514669205E+00
  0.184184184184 -5.458119743032E-01 -2.633069694776E+00  4.824133252367E+00
  0.185185185185 -5.484449648545E-01 -2.627641502296E+00  4.791075988807E+00
  0.186186186186 -5.510725102147E-01 -2.622190409120E+00  4.758340074155E+00
  0.187187187187 -5.536945880116E-01 -2.616717449414E+00  4.725922026457E+00
  0.188188188188 -5.563111767050E-01 -2.611223251126E+00  4.693817705752E+00
  0.189189189189 -5.589222551799E-01 -2.605708035981E+00  4.662022332859E+00
  0.190190190190 -5.615278023400E-01 -2.600171619484E+00  4.630530507392E+00
  0.191191191191 -5.641277967009E-01 -2.594613410922E+00  4.599336225046E+00
  0.192192192192 -5.667222159837E-01 -2.589032413507E+00  4.568432894436E+00
  0.193193193193 -5.693110367263E-01 -2.583427295090E+00  4.537813477051E+00
  0.194194194194 -5.718942341166E-01 -2.577796758972E+00  4.507471146224E+00
  0.195195195195 -5.744717821620E-01 -2.572139748221E+00  4.477399635786E+00
  0.196196196196 -5.770436539354E-01 -2.566455453291E+00  4.447593238029E+00
  0.197197197197 -5.796098218234E-01 -2.560743312020E+00  4.418046788725E+00
  0.198198198198 -5.821702577735E-01 -2.555003009635E+00  4.388755652696E+00
  0.199199199199 -5.847249335421E-01 -2.549234478745E+00  4.359715709919E+00
  0.200200200200 -5.872738209419E-01 -2.543437899347E+00  4.330923342143E+00
  0.201201201201 -5.898168920896E-01 -2.537613698823E+00  4.302375419993E+00
  0.202202202202 -5.923541196534E-01 -2.531762551922E+00  4.274069290517E+00
  0.203203203203 -5.948854770934E-01 -2.525885348551E+00  4.246002711131E+00
  0.204204204204 -5.974109387829E-01 -2.519982979876E+00  4.218173482076E+00
  0.205205205205 -5.999304799187E-01 -2.514056194475E+00  4.190579206470E+00
  0.206206206206 -6.024440763717E-01 -2.508105590913E+00  4.163217283201E+00
  0.207207207207 -6.049517045369E-01 -2.502131617745E+00  4.136084912200E+00
  0.208208208208 -6.074533411833E-01 -2.496134573517E+00  4.109179099509E+00
  0.209209209209 -6.099489633036E-01 -2.490114606764E+00  4.082496662143E+00
  0.210210210210 -6.124385479640E-01 -2.484071716010E+00  4.056034232771E+00
  0.211211211211 -6.149220721543E-01 -2.478005749769E+00  4.029788264207E+00
  0.212212212212 -6.173995126375E-01 -2.471916406544E+00  4.003755033729E+00
  0.213213213213 -6.198708458030E-01 -2.465803249084E+00  3.977930670203E+00
  0.214214214214 -6.223360475809E-01 -2.459665825514E+00  3.952311351842E+00
  0.215215215215 -6.247950934896E-01 -2.453503768675E+00  3.926893463538E+00
  0.216216216216 -6.272479587254E-01 -2.447316803002E+00  3.901673602852E+00
  0.217217217217 -6.296946182550E-01 -2.441104744524E+00  3.876648574968E+00
  0.218218218218 -6.321350469066E-01 -2.434867500862E+00  3.851815387831E+00
  0.219219219219 -6.345692194616E-01 -2.428605071232E+00  3.827171247437E+00
  0.220220220220 -6.369971107468E-01 -2.422317546443E+00  3.802713553289E+00
  0.221221221221 -6.394186957255E-01 -2.416005108897E+00  3.778439893997E+00
  0.222222222222 -6.418339495895E-01 -2.409668032588E+00  3.754348043025E+00
  0.223223223223 -6.442428478495E-01 -2.403306676986E+00  3.730435945091E+00
  0.224224224224 -6.466453663937E-01 -2.396921419699E+00  3.706701608436E+00
  0.225225225225 -6.490414814654E-01 -2.390512589149E+00  3.683142999970E+00
  0.226226226226 -6.514311696091E-01 -2.384080458448E+00  3.659758036875E+00
  0.227227227227 -6.538144076149E-01 -2.377625245397E+00  3.636544587737E+00
  0.228228228228 -6.561911724634E-01 -2.371147112488E+00  3.613500473630E+00
  0.229229229229 -6.585614412700E-01 -2.364646166905E+00  3.590623469156E+00
  0.230230230230 -6.609251912297E-01 -2.358122460520E+00  3.567911303446E+00
  0.231231231231 -6.632823995618E-01 -2.351575989898E+00  3.545361661113E+00
  0.232232232232 -6.656330434546E-01 -2.345006696291E+00  3.522972183172E+00
  0.233233233233 -6.679771000102E-01 -2.338414468186E+00  3.500740471716E+00
  0.234234234234 -6.703145462060E-01 -2.331799178020E+00  3.478664145390E+00
  0.235235235235 -6.726453589045E-01 -2.325160726960E+00  3.456740905410E+00
  0.236236236236 -6.749695148863E-01 -2.318499050164E+00  3.434968541586E+00
  0.237237237237 -6.772869908842E-01 -2.311814116790E+00  3.413344930443E+00
  0.238238238238 -6.795977636171E-01 -2.305105929988E+00  3.391868033408E+00
  0.239239239239 -6.819018098240E-01 -2.298374526908E+00  3.370535895045E+00
  0.240240240240 -6.841991062982E-01 -2.291619978693E+00  3.349346641348E+00
  0.241241241241 -6.864896299211E-01 -2.284842390482E+00  3.328298478077E+00
  0.242242242242 -6.887733576966E-01 -2.278041901410E+00  3.307389689155E+00
  0.243243243243 -6.910502667844E-01 -2.271218683596E+00  3.286618633640E+00
  0.244244244244 -6.933203345264E-01 -2.264372922478E+00  3.265983715918E+00
  0.245245245245 -6.955835384433E-01 -2.257504787590E+00  3.245483342867E+00
  0.246246246246 -6.978398562153E-01 -2.250614428156E+00  3.225115917515E+00
  0.247247247247 -7.000892656618E-01 -2.243701973088E+00  3.204879839097E+00
  0.248248248248 -7.023317447212E-01 -2.236767530985E+00  3.184773503116E+00
  0.249249249249 -7.045672714302E-01 -2.229811190136E+00  3.164795301391E+00
  0.250250250250 -7.067958239039E-01 -2.222833018517E+00  3.144943622105E+00
  0.251251251251 -7.090173803153E-01 -2.215833063794E+00  3.125216849844E+00
  0.252252252252 -7.112319188748E-01 -2.208811353317E+00  3.105613365626E+00
  0.253253253253 -7.134394178102E-01 -2.201767894515E+00  3.086131547473E+00
  0.254254254254 -7.156398553500E-01 -2.194702685203E+00  3.066769784823E+00
  0.255255255255 -7.178332097245E-01 -2.187615732315E+00  3.047526504318E+00
  0.256256256256 -7.200194591770E-01 -2.180507055474E+00  3.028400174027E+00
  0.257257257257 -7.221985819770E-01 -2.173376686999E+00  3.009389302661E+00
  0.258258258258 -7.243705564326E-01 -2.166224671902E+00  2.990492438801E+00
  0.259259259259 -7.265353609033E-01 -2.159051067893E+00  2.971708170141E+00
  0.260260260260 -7.286929738128E-01 -2.151855945377E+00  2.953035122760E+00
  0.261261261261 -7.308433736615E-01 -2.144639387456E+00  2.934471960403E+00
  0.262262262262 -7.329865390396E-01 -2.137401489926E+00  2.916017383794E+00
  0.263263263263 -7.351224486391E-01 -2.130142361142E+00  2.897670129765E+00
  0.264264264264 -7.372510812656E-01 -2.122862116704E+00  2.879428963414E+00
  0.265265265265 -7.393724158383E-01 -2.115560867665E+00  2.861292661650E+00
  0.266266266266 -7.414864313841E-01 -2.108238717705E+00  2.843260009182E+00
  0.267267267267 -7.435931070301E-01 -2.100895763124E+00  2.825329798328E+00
  0.268268268268 -7.456924219959E-01 -2.093532092834E+00  2.807500828868E+00
  0.269269269269 -7.477843555864E-01 -2.086147788366E+00  2.789771907879E+00
  0.270270270270 -7.498688871845E-01 -2.078742923866E+00  2.772141849585E+00
  0.271271271271 -7.519459962437E-01 -2.071317566096E+00  2.754609475206E+00
  0.272272272272 -7.540156622806E-01 -2.063871774434E+00  2.737173612802E+00
  0.273273273273 -7.560778648673E-01 -2.056405600918E+00  2.719833097189E+00
  0.274274274274 -7.581325836256E-01 -2.048919092924E+00  2.702586773313E+00
  0.275275275275 -7.601797982250E-01 -2.041412300450E+00  2.685433505621E+00
  0.276276276276 -7.622194883879E-01 -2.033885278285E+00  2.668372180546E+00
  0.277277277277 -7.642516338938E-01 -2.026338086031E+00  2.651401706146E+00
  0.278278278278 -7.662762145842E-01 -2.018770788104E+00  2.634521011721E+00
  0.279279279279 -7.682932103676E-01 -2.011183453730E+00  2.617729047440E+00
  0.280280280280 -7.703026012242E-01 -2.003576156950E+00  2.601024783982E+00
  0.281281281281 -7.723043672105E-01 -1.995948976615E+00  2.584407212178E+00
  0.282282282282 -7.742984884646E-01 -1.988301996391E+00  2.567875342665E+00
  0.283283283283 -7.762849452107E-01 -1.980635304742E+00  2.551428205533E+00
  0.284284284284 -7.782637177636E-01 -1.972948993611E+00  2.535064848302E+00
  0.285285285285 -7.802347865298E-01 -1.965243153986E+00  2.518784329940E+00
  0.286286286286 -7.821981320058E-01 -1.957517874262E+00  2.502585718586E+00
  0.287287287287 -7.841537347752E-01 -1.949773240224E+00  2.486468091341E+00
  0.288288288288 -7.861015755061E-01 -1.942009335039E+00  2.470430534106E+00
  0.289289289289 -7.880416349486E-01 -1.934226239261E+00  2.454472141421E+00
  0.290290290290 -7.899738939322E-01 -1.926424030827E+00  2.438592016298E+00
  0.291291291291 -7.918983333629E-01 -1.918602785061E+00  2.422789270074E+00
  0.292292292292 -7.938149342211E-01 -1.910762574672E+00  2.407063022248E+00
  0.293293293293 -7.957236775583E-01 -1.902903469755E+00  2.391412400338E+00
  0.294294294294 -7.976245444954E-01 -1.895025538430E+00  2.375836540523E+00
  0.295295295295 -7.995175162213E-01 -1.887128849479E+00  2.360334590789E+00
  0.296296296296 -8.014025739948E-01 -1.879213473544E+00  2.344905712215E+00
  0.297297297297 -8.032796991464E-01 -1.871279483156E+00  2.329549078788E+00
  0.298298298298 -8.051488730802E-01 -1.863326952732E+00  2.314263877193E+00
  0.299299299299 -8.070100772754E-01 -1.855355958581E+00  2.299049306602E+00
  0.300300300300 -8.088632932890E-01 -1.847366578898E+00  2.283904578469E+00
  0.301301301301 -8.107085027569E-01 -1.839358893767E+00  2.268828916327E+00
  0.302302302302 -8.125456873961E-01 -1.831332985162E+00  2.253821555598E+00
  0.303303303303 -8.143748290069E-01 -1.823288936942E+00  2.238881743393E+00
  0.304304304304 -8.161959094740E-01 -1.815226834560E+00  2.224008737963E+00
  0.305305305305 -8.180089107682E-01 -1.807146763496E+00  2.209201806615E+00
  0.306306306306 -8.198138149452E-01 -1.799048808401E+00  2.194460224510E+00
  0.307307307307 -8.216106041450E-01 -1.790933053063E+00  2.179783274495E+00
  0.308308308308 -8.233992605912E-01 -1.782799580409E+00  2.165170246969E+00
  0.309309309309 -8.251797665898E-01 -1.774648472502E+00  2.150620439757E+00
  0.310310310310 -8.269521045288E-01 -1.766479810546E+00  2.136133157981E+00
  0.311311311311 -8.287162568767E-01 -1.758293674879E+00  2.121707713935E+00
  0.312312312312 -8.304722061821E-01 -1.750090144979E+00  2.107343426970E+00
  0.313313313313 -8.322199350730E-01 -1.741869299462E+00  2.093039623365E+00
  0.314314314314 -8.339594262552E-01 -1.733631216216E+00  2.078795636378E+00
  0.315315315315 -8.356906625129E-01 -1.725375973293E+00  2.064610807191E+00
  0.316316316316 -8.374136267086E-01 -1.717103649514E+00  2.050484485502E+00
  0.317317317317 -8.391283017841E-01 -1.708814324496E+00  2.036416029423E+00
  0.318318318318 -8.408346707614E-01 -1.700508078652E+00  2.022404805349E+00
  0.319319319319 -8.425327167432E-01 -1.692184993195E+00  2.008450187829E+00
  0.320320320320 -8.442224229140E-01 -1.683845150133E+00  1.994551559434E+00
  0.321321321321 -8.459037725410E-01 -1.675488632272E+00  1.980708310638E+00
  0.322322322322 -8.475767489742E-01 -1.667115523215E+00  1.966919839687E+00
  0.323323323323 -8.492413356482E-01 -1.658725907363E+00  1.953185552487E+00
  0.324324324324 -8.508975160822E-01 -1.650319869853E+00  1.939504862409E+00
  0.325325325325 -8.525452738807E-01 -1.641897496048E+00  1.925877189576E+00
  0.326326326326 -8.541845927339E-01 -1.633458871113E+00  1.912301960264E+00
  0.327327327327 -8.558154564168E-01 -1.625004079989E+00  1.898778606772E+00
  0.328328328328 -8.574378487894E-01 -1.616533207393E+00  1.885306567322E+00
  0.329329329329 -8.590517537966E-01 -1.608046337817E+00  1.871885285968E+00
  0.330330330330 -8.606571554675E-01 -1.599543555526E+00  1.858514212500E+00
  0.331331331331 -8.622540379156E-01 -1.591024944562E+00  1.845192802353E+00
  0.332332332332 -8.638423853382E-01 -1.582490588742E+00  1.831920516521E+00
  0.333333333333 -8.654221820167E-01 -1.573940571657E+00  1.818696821462E+00
  0.334334334334 -8.669934123159E-01 -1.565374976699E+00  1.805521189046E+00
  0.335335335335 -8.685560606840E-01 -1.556793887340E+00  1.792393096785E+00
  0.336336336336 -8.701101116531E-01 -1.548197387409E+00  1.779312028069E+00
  0.337337337337 -8.716555498392E-01 -1.539585561117E+00  1.766277472105E+00
  0.338338338338 -8.731923599430E-01 -1.530958493059E+00  1.753288923827E+00
  0.339339339339 -8.747205267499E-01 -1.522316268213E+00  1.740345883810E+00
  0.340340340340 -8.762400351308E-01 -1.513658971941E+00  1.727447858183E+00
  0.341341341341 -8.777508700419E-01 -1.504986689986E+00  1.714594358549E+00
  0.342342342342 -8.792530165256E-01 -1.496299508475E+00  1.701784901902E+00
  0.343343343343 -8.807464597108E-01 -1.487597513920E+00  1.689019010542E+00
  0.344344344344 -8.822311848130E-01 -1.478880793201E+00  1.676296211989E+00
  0.345345345345 -8.837071771350E-01 -1.470149433416E+00  1.663616038723E+00
  0.346346346346 -8.851744220665E-01 -1.461403521684E+00  1.650978027893E+00
  0.347347347347 -8.866329050847E-01 -1.452643145124E+00  1.638381721222E+00
  0.348348348348 -8.880826117538E-01 -1.443868390854E+00  1.625826664935E+00
  0.349349349349 -8.895235277255E-01 -1.435079345993E+00  1.613312409692E+00
  0.350350350350 -8.909556387383E-01 -1.426276097657E+00  1.600838510520E+00
  0.351351351351 -8.923789306182E-01 -1.417458732964E+00  1.588404526743E+00
  0.352352352352 -8.937933892784E-01 -1.408627339032E+00  1.576010021924E+00
  0.353353353353 -8.951990007190E-01 -1.399782002977E+00  1.563654563792E+00
  0.354354354354 -8.965957510277E-01 -1.390922811918E+00  1.551337724191E+00
  0.355355355355 -8.979836263793E-01 -1.382049853061E+00  1.539059079099E+00
  0.356356356356 -8.993626130357E-01 -1.373163213809E+00  1.526818208702E+00
  0.357357357357 -9.007326973469E-01 -1.364262981785E+00  1.514614697350E+00
  0.358358358358 -9.020938657504E-01 -1.355349244832E+00  1.502448133492E+00
  0.359359359359 -9.034461047717E-01 -1.346422091009E+00  1.490318109623E+00
  0.360360360360 -9.047894010248E-01 -1.337481608598E+00  1.478224222214E+00
  0.361361361361 -9.061237412120E-01 -1.328527886095E+00  1.466166071664E+00
  0.362362362362 -9.074491121243E-01 -1.319561012218E+00  1.454143262236E+00
  0.363363363363 -9.087655006417E-01 -1.310581075902E+00  1.442155402001E+00
  0.364364364364 -9.100728937333E-01 -1.301588166301E+00  1.430202102781E+00
  0.365365365365 -9.113712784575E-01 -1.292582372738E+00  1.418282980045E+00
  0.366366366366 -9.126606419621E-01 -1.283563784625E+00  1.406397652763E+00
  0.367367367367 -9.139409714847E-01 -1.274532491443E+00  1.394545743335E+00
  0.368368368368 -9.152122543522E-01 -1.265488582747E+00  1.382726877540E+00
  0.369369369369 -9.164744779814E-01 -1.256432148162E+00  1.370940684490E+00
  0.370370370370 -9.177276298787E-01 -1.247363277383E+00  1.359186796575E+00
  0.371371371371 -9.189716976404E-01 -1.238282060180E+00  1.347464849417E+00
  0.372372372372 -9.202066689526E-01 -1.229188586390E+00  1.335774481823E+00
  0.373373373373 -9.214325315915E-01 -1.220082945926E+00  1.324115335735E+00
  0.374374374374 -9.226492734233E-01 -1.210965228768E+00  1.312487056186E+00
  0.375375375375 -9.238568824043E-01 -1.201835524990E+00  1.300889291275E+00
  0.376376376376 -9.250553465810E-01 -1.192693924804E+00  1.289321692169E+00
  0.377377377377 -9.262446540903E-01 -1.183540518565E+00  1.277783913072E+00
  0.378378378378 -9.274247931595E-01 -1.174375396777E+00  1.266275611175E+00
  0.379379379379 -9.285957521069E-01 -1.165198650088E+00  1.254796446618E+00
  0.380380380380 -9.297575193412E-01 -1.156010369296E+00  1.243346082444E+00
  0.381381381381 -9.309100833623E-01 -1.146810645342E+00  1.231924184557E+00
  0.382382382382 -9.320534327613E-01 -1.137599569317E+00  1.220530421681E+00
  0.383383383383 -9.331875562202E-01 -1.128377232455E+00  1.209164465315E+00
  0.384384384384 -9.343124425128E-01 -1.119143726140E+00  1.197825989698E+00
  0.385385385385 -9.354280805041E-01 -1.109899141886E+00  1.186514671751E+00
  0.386386386386 -9.365344591511E-01 -1.100643571305E+00  1.175230190999E+00
  0.387387387387 -9.376315675022E-01 -1.091377106096E+00  1.163972229522E+00
  0.388388388388 -9.387193946979E-01 -1.082099838044E+00  1.152740471920E+00
  0.389389389389 -9.397979299704E-01 -1.072811859020E+00  1.141534605268E+00
  0.390390390390 -9.408671626442E-01 -1.063513260981E+00  1.130354319086E+00
  0.391391391391 -9.419270821356E-01 -1.054204135971E+00  1.119199305301E+00
  0.392392392392 -9.429776779532E-01 -1.044884576118E+00  1.108069258210E+00
  0.393393393393 -9.440189396978E-01 -1.035554673640E+00  1.096963874444E+00
  0.394394394394 -9.450508570628E-01 -1.026214520837E+00  1.085882852936E+00
  0.395395395395 -9.460734198336E-01 -1.016864210103E+00  1.074825894889E+00
  0.396396396396 -9.470866178887E-01 -1.007503833933E+00  1.063792703754E+00
  0.397397397397 -9.480904411986E-01 -9.981334849297E-01  1.052782985205E+00
  0.398398398398 -9.490848798271E-01 -9.887532558054E-01  1.041796447105E+00
  0.399399399399 -9.500699239305E-01 -9.793632393797E-01  1.030832799472E+00
  0.400400400400 -9.510455637583E-01 -9.699635285804E-01  1.019891754447E+00
  0.401401401401 -9.520117896529E-01 -9.605542164434E-01  1.008973026262E+00
  0.402402402402 -9.529685920501E-01 -9.511353961128E-01  9.980763312111E-01
  0.403403403403 -9.539159614787E-01 -9.417071608408E-01  9.872013876160E-01
  0.404404404404 -9.548538885611E-01 -9.322696039876E-01  9.763479157973E-01
  0.405405405405 -9.557823640131E-01 -9.228228190176E-01  9.655156380400E-01
  0.406406406406 -9.567013786443E-01 -9.133668994826E-01  9.547042785460E-01
  0.407407407407 -9.576109233578E-01 -9.039019390147E-01  9.439135633972E-01
  0.408408408408 -9.585109891505E-01 -8.944280313257E-01  9.331432205262E-01
  0.409409409409 -9.594015671131E-01 -8.849452702071E-01  9.223929796883E-01
  0.410410410410 -9.602826484303E-01 -8.754537495304E-01  9.116625724326E-01
  0.411411411411 -9.611542243809E-01 -8.659535632471E-01  9.009517320749E-01
  0.412412412412 -9.620162863375E-01 -8.564448053882E-01  8.902601936697E-01
  0.413413413413 -9.628688257672E-01 -8.469275700649E-01  8.795876939832E-01
  0.414414414414 -9.637118342311E-01 -8.374019514679E-01  8.689339714667E-01
  0.415415415415 -9.645453033848E-01 -8.278680438684E-01  8.582987662303E-01
  0.416416416416 -9.653692249781E-01 -8.183259416185E-01  8.476818200177E-01
  0.417417417417 -9.661835908554E-01 -8.087757391523E-01  8.370828761811E-01
  0.418418418418 -9.669883929558E-01 -7.992175309859E-01  8.265016796561E-01
  0.419419419419 -9.677836233128E-01 -7.896514117174E-01  8.159379769357E-01
  0.420420420420 -9.685692740548E-01 -7.800774760266E-01  8.053915160460E-01
  0.421421421421 -9.693453374050E-01 -7.704958186756E-01  7.948620465212E-01
  0.422422422422 -9.701118056815E-01 -7.609065345080E-01  7.843493193792E-01
  0.423423423423 -9.708686712973E-01 -7.513097184498E-01  7.738530870976E-01
  0.424424424424 -9.716159267605E-01 -7.417054655085E-01  7.633731035898E-01
  0.425425425425 -9.723535646745E-01 -7.320938707725E-01  7.529091241802E-01
  0.426426426426 -9.730815777375E-01 -7.224750294019E-01  7.424609055714E-01
  0.427427427427 -9.737999587435E-01 -7.128490366223E-01  7.320282058156E-01
  0.428428428428 -9.745087005816E-01 -7.032159877251E-01  7.216107842911E-01
  0.429429429429 -9.752077962362E-01 -6.935759780669E-01  7.112084016799E-01
  0.430430430430 -9.758972387875E-01 -6.839291030698E-01  7.008208199458E-01
  0.431431431431 -9.765770214109E-01 -6.742754582214E-01  6.904478023118E-01
  0.432432432432 -9.772471373777E-01 -6.646151390746E-01  6.800891132390E-01
  0.433433433433 -9.779075800548E-01 -6.549482412479E-01  6.697445184045E-01
  0.434434434434 -9.785583429048E-01 -6.452748604252E-01  6.594137846802E-01
  0.435435435435 -9.791994194860E-01 -6.355950923554E-01  6.490966801115E-01
  0.436436436436 -9.798308034529E-01 -6.259090328502E-01  6.387929738936E-01
  0.437437437437 -9.804524885556E-01 -6.162167777812E-01  6.285024363486E-01
  0.438438438438 -9.810644686404E-01 -6.065184230804E-01  6.182248389047E-01
  0.439439439439 -9.816667376496E-01 -5.968140647396E-01  6.079599540762E-01
  0.440440440440 -9.822592896217E-01 -5.871037988112E-01  5.977075554433E-01
  0.441441441441 -9.828421186911E-01 -5.773877214074E-01  5.874674176319E-01
  0.442442442442 -9.834152190889E-01 -5.676659287005E-01  5.772393162946E-01
  0.443443443443 -9.839785851420E-01 -5.579385169232E-01  5.670230280903E-01
  0.444444444444 -9.845322112740E-01 -5.482055823682E-01  5.568183306657E-01
  0.445445445445 -9.850760920048E-01 -5.384672213876E-01  5.466250026348E-01
  0.446446446446 -9.856102219507E-01 -5.287235303878E-01  5.364428235549E-01
  0.447447447447 -9.861345958248E-01 -5.189746058236E-01  5.262715739017E-01
  0.448448448448 -9.866492084365E-01 -5.092205441977E-01  5.161110350503E-01
  0.449449449449 -9.871540546919E-01 -4.994614420605E-01  5.059609892566E-01
  0.450450450450 -9.876491295938E-01 -4.896973960107E-01  4.958212196391E-01
  0.451451451451 -9.881344282417E-01 -4.799285026946E-01  4.856915101608E-01
  0.452452452452 -9.886099458319E-01 -4.701548588066E-01  4.755716456109E-01
  0.453453453453 -9.890756776575E-01 -4.603765610889E-01  4.654614115871E-01
  0.454454454454 -9.895316191084E-01 -4.505937063317E-01  4.553605944777E-01
  0.455455455455 -9.899777656714E-01 -4.408063913729E-01  4.452689814441E-01
  0.456456456456 -9.904141129305E-01 -4.310147130946E-01  4.351863603996E-01
  0.457457457457 -9.908406565664E-01 -4.212187684194E-01  4.251125199879E-01
  0.458458458458 -9.912573923569E-01 -4.114186543096E-01  4.150472495659E-01
  0.459459459459 -9.916643161771E-01 -4.016144677674E-01  4.049903391862E-01
  0.460460460460 -9.920614239990E-01 -3.918063058347E-01  3.949415795801E-01
  0.461461461461 -9.924487118917E-01 -3.819942655932E-01  3.849007621413E-01
  0.462462462462 -9.928261760218E-01 -3.721784441647E-01  3.748676789083E-01
  0.463463463463 -9.931938126528E-01 -3.623589387104E-01  3.648421225487E-01
  0.464464464464 -9.935516181457E-01 -3.525358464317E-01  3.548238863418E-01
  0.465465465465 -9.938995889588E-01 -3.427092645693E-01  3.448127641629E-01
  0.466466466466 -9.942377216476E-01 -3.328792903998E-01  3.348085504623E-01
  0.467467467467 -9.945660128652E-01 -3.230460212298E-01  3.248110402438E-01
  0.468468468468 -9.948844593619E-01 -3.132095543952E-01  3.148200290474E-01
  0.469469469469 -9.951930579856E-01 -3.033699872607E-01  3.048353129339E-01
  0.470470470470 -9.954918056818E-01 -2.935274172204E-01  2.948566884680E-01
  0.471471471471 -9.957806994931E-01 -2.836819416975E-01  2.848839527035E-01
  0.472472472472 -9.960597365600E-01 -2.738336581443E-01  2.749169031669E-01
  0.473473473473 -9.963289141205E-01 -2.639826640423E-01  2.649553378417E-01
  0.474474474474 -9.965882295101E-01 -2.541290569021E-01  2.549990551534E-01
  0.475475475475 -9.968376801618E-01 -2.442729342633E-01  2.450478539532E-01
  0.476476476476 -9.970772636067E-01 -2.344143936919E-01  2.351015335000E-01
  0.477477477477 -9.973069774731E-01 -2.245535327745E-01  2.251598934397E-01
  0.478478478478 -9.975268194872E-01 -2.146904491180E-01  2.152227337891E-01
  0.479479479479 -9.977367874730E-01 -2.048252403492E-01  2.052898549205E-01
  0.480480480480 -9.979368793520E-01 -1.949580041148E-01  1.953610575464E-01
  0.481481481481 -9.981270931436E-01 -1.850888380814E-01  1.854361427045E-01
  0.482482482482 -9.983074269650E-01 -1.752178399359E-01  1.755149117428E-01
  0.483483483483 -9.984778790312E-01 -1.653451073850E-01  1.655971663042E-01
  0.484484484484 -9.986384476549E-01 -1.554707381553E-01  1.556827083119E-01
  0.485485485485 -9.987891312468E-01 -1.455948299933E-01  1.457713399540E-01
  0.486486486486 -9.989299283152E-01 -1.357174806630E-01  1.358628636665E-01
  0.487487487487 -9.990608374665E-01 -1.258387879395E-01  1.259570821118E-01
  0.488488488488 -9.991818574049E-01 -1.159588496077E-01  1.160537981633E-01
  0.489489489489 -9.992929869326E-01 -1.060777634625E-01  1.061528148898E-01
  0.490490490490 -9.993942249494E-01 -9.619562730860E-02  9.625393554127E-02
  0.491491491491 -9.994855704533E-01 -8.631253896062E-02  8.635696353422E-02
  0.492492492492 -9.995670225401E-01 -7.642859624297E-02  7.646170243667E-02
  0.493493493493 -9.996385804036E-01 -6.654389699002E-02  6.656795595379E-02
  0.494494494494 -9.997002433354E-01 -5.665853904589E-02  5.667552791310E-02
  0.495495495495 -9.997520107251E-01 -4.677262026464E-02  4.678422224999E-02
  0.496496496496 -9.997938820603E-01 -3.688623850797E-02  3.689384299088E-02
  0.497497497497 -9.998258569266E-01 -2.699949163966E-02  2.700419423304E-02
  0.498498498498 -9.998479350074E-01 -1.711247752379E-02  1.711508012832E-02
  0.499499499499 -9.998601160843E-01 -7.225294024749E-03  7.226304868570E-03
  0.500500500501 -9.998624000367E-01  2.661960992776E-03 -2.662327328919E-03
  0.501501501502 -9.998547868419E-01  1.254918966378E-02 -1.255101223591E-02
  0.502502502503 -9.998372765753E-01  2.243629412297E-02 -2.243994562778E-02
  0.503503503504 -9.998098694102E-01  3.232317650476E-02 -3.232932329807E-02
  0.504504504505 -9.997725656180E-01  4.220973894320E-02 -4.221934107294E-02
  0.505505505506 -9.997253655678E-01  5.209588357212E-02 -5.211019482589E-02
  0.506506506507 -9.996682697268E-01  6.198151252682E-02 -6.200208049392E-02
  0.507507507508 -9.996012786603E-01  7.186652794992E-02 -7.189519409802E-02
  0.508508508509 -9.995243930313E-01  8.175083199370E-02 -8.178973176009E-02
  0.509509509510 -9.994376136010E-01  9.163432681994E-02 -9.168588971730E-02
  0.510510510511 -9.993409412283E-01  1.015169146001E-01 -1.015838643370E-01
  0.511511511512 -9.992343768700E-01  1.113984975153E-01 -1.114838521311E-01
  0.512512512513 -9.991179215811E-01  1.212789777560E-01 -1.213860497709E-01
  0.513513513514 -9.989915765143E-01  1.311582575225E-01 -1.312906541016E-01
  0.514514514515 -9.988553429202E-01  1.410362390248E-01 -1.411978621573E-01
  0.515515515516 -9.987092221472E-01  1.509128244821E-01 -1.511078711755E-01
  0.516516516517 -9.985532156419E-01  1.607879161249E-01 -1.610208786134E-01
  0.517517517518 -9.983873249483E-01  1.706614162002E-01 -1.709370821680E-01
  0.518518518519 -9.982115517086E-01  1.805332269744E-01 -1.808566797943E-01
  0.519519519520 -9.980258976628E-01  1.904032507330E-01 -1.907798697197E-01
  0.520520520521 -9.978303646484E-01  2.002713897809E-01 -2.007068504589E-01
  0.521521521522 -9.976249546009E-01  2.101375464422E-01 -2.106378208294E-01
  0.522522522523 -9.974096695537E-01  2.200016230603E-01 -2.205729799659E-01
  0.523523523524 -9.971845116377E-01  2.298635219980E-01 -2.305125273361E-01
  0.524524524525 -9.969494830817E-01  2.397231456372E-01 -2.404566627551E-01
  0.525525525526 -9.967045862120E-01  2.495803963793E-01 -2.504055864014E-01
  0.526526526527 -9.964498234528E-01  2.594351766459E-01 -2.603594988325E-01
  0.527527527528 -9.961851973258E-01  2.692873888845E-01 -2.703186010065E-01
  0.528528528529 -9.959107104505E-01  2.791369355717E-01 -2.802830943001E-01
  0.529529529530 -9.956263655439E-01  2.889837192130E-01 -2.902531805243E-01
  0.530530530531 -9.953321654206E-01  2.988276423430E-01 -3.002290619401E-01
  0.531531531532 -9.950281129927E-01  3.086686075256E-01 -3.102109412741E-01
  0.532532532533 -9.947142112698E-01  3.185065173536E-01 -3.201990217341E-01
  0.533533533534 -9.943904633592E-01  3.283412744488E-01 -3.301935070250E-01
  0.534534534535 -9.940568724655E-01  3.381727814622E-01 -3.401946013647E-01
  0.535535535536 -9.937134418906E-01  3.480009410740E-01 -3.502025095000E-01
  0.536536536537 -9.933601750341E-01  3.578256559940E-01 -3.602174367234E-01
  0.537537537538 -9.929970753928E-01  3.676468289672E-01 -3.702395888948E-01
  0.538538538539 -9.926241465608E-01  3.774643627772E-01 -3.802691724607E-01
  0.539539539540 -9.922413922295E-01  3.872781602464E-01 -3.903063944714E-01
  0.540540540541 -9.918488161878E-01  3.970881242359E-01 -4.003514625971E-01
  0.541541541542 -9.914464223214E-01  4.068941576457E-01 -4.104045851444E-01
  0.542542542543 -9.910342146134E-01  4.166961634143E-01 -4.204659710733E-01
  0.543543543544 -9.906121971442E-01  4.264940445191E-01 -4.305358300137E-01
  0.544544544545 -9.901803740911E-01  4.362877039765E-01 -4.406143722824E-01
  0.545545545546 -9.897387497284E-01  4.460770448413E-01 -4.507018089003E-01
  0.546546546547 -9.892873284276E-01  4.558619702079E-01 -4.607983516098E-01
  0.547547547548 -9.888261146570E-01  4.656423832147E-01 -4.709042128971E-01
  0.548548548549 -9.883551129821E-01  4.754181870483E-01 -4.810196060138E-01
  0.549549549550 -9.878743280650E-01  4.851892849441E-01 -4.911447449945E-01
  0.550550550551 -9.873837646648E-01  4.949555801855E-01 -5.012798446748E-01
  0.551551551552 -9.868834276373E-01  5.047169761047E-01 -5.114251207086E-01
  0.552552552553 -9.863733219352E-01  5.144733760821E-01 -5.215807895866E-01
  0.553553553554 -9.858534526076E-01  5.242246835468E-01 -5.317470686543E-01
  0.554554554555 -9.853238248006E-01  5.339708019761E-01 -5.419241761298E-01
  0.555555555556 -9.847844437566E-01  5.437116348961E-01 -5.521123311230E-01
  0.556556556557 -9.842353148148E-01  5.534470858815E-01 -5.623117536538E-01
  0.557557557558 -9.836764434106E-01  5.631770585602E-01 -5.725226646757E-01
  0.558558558559 -9.831078350762E-01  5.729014566181E-01 -5.827452860995E-01
  0.559559559560 -9.825294954397E-01  5.826201837989E-01 -5.929798408120E-01
  0.560560560561 -9.819414302261E-01  5.923331439045E-01 -6.032265526959E-01
  0.561561561562 -9.813436452561E-01  6.020402407949E-01 -6.134856466491E-01
  0.562562562563 -9.807361464471E-01  6.117413783881E-01 -6.237573486041E-01
  0.563563563564 -9.801189398124E-01  6.214364606602E-01 -6.340418855483E-01
  0.564564564565 -9.794920314613E-01  6.311253916454E-01 -6.443394855432E-01
  0.565565565566 -9.788554275993E-01  6.408080754360E-01 -6.546503777454E-01
  0.566566566567 -9.782091345278E-01  6.504844161826E-01 -6.649747924268E-01
  0.567567567568 -9.775531586442E-01  6.601543180982E-01 -6.753129609992E-01
  0.568568568569 -9.768875064417E-01  6.698176854627E-01 -6.856651160403E-01
  0.569569569570 -9.762121845092E-01  6.794744226237E-01 -6.960314913149E-01
  0.570570570571 -9.755271995315E-01  6.891244339967E-01 -7.064123217965E-01
  0.571571571572 -9.748325582888E-01  6.987676240646E-01 -7.168078436887E-01
  0.572572572573 -9.741282676571E-01  7.084038973779E-01 -7.272182944467E-01
  0.573573573574 -9.734143346077E-01  7.180331585550E-01 -7.376439127994E-01
  0.574574574575 -9.726907662076E-01  7.276553122819E-01 -7.480849387713E-01
  0.575575575576 -9.719575696191E-01  7.372702633120E-01 -7.585416137054E-01
  0.576576576577 -9.712147520995E-01  7.468779164668E-01 -7.690141802853E-01
  0.577577577578 -9.704623210018E-01  7.564781766390E-01 -7.795028825623E-01
  0.578578578579 -9.697002837739E-01  7.660709487977E-01 -7.900079659834E-01
  0.579579579580 -9.689286479589E-01  7.756561379891E-01 -8.005296774155E-01
  0.580580580581 -9.681474211947E-01  7.852336493366E-01 -8.110682651694E-01
  0.581581581582 -9.673566112143E-01  7.948033880406E-01 -8.216239790235E-01
  0.582582582583 -9.665562258457E-01  8.043652593789E-01 -8.321970702482E-01
  0.583583583584 -9.657462730114E-01  8.139191687064E-01 -8.427877916303E-01
  0.584584584585 -9.649267607287E-01  8.234650214550E-01 -8.533963974977E-01
  0.585585585586 -9.640976971096E-01  8.330027231338E-01 -8.640231437448E-01
  0.586586586587 -9.632590903605E-01  8.425321793293E-01 -8.746682878579E-01
  0.587587587588 -9.624109487825E-01  8.520532957080E-01 -8.853320889438E-01
  0.588588588589 -9.615532807709E-01  8.615659780222E-01 -8.960148077613E-01
  0.589589589590 -9.606860948153E-01  8.710701321105E-01 -9.067167067490E-01
  0.590590590591 -9.598093994995E-01  8.805656638984E-01 -9.174380500520E-01
  0.591591591592 -9.589232035016E-01  8.900524793976E-01 -9.281791035482E-01
  0.592592592593 -9.580275155935E-01  8.995304847069E-01 -9.389401348766E-01
  0.593593593594 -9.571223446413E-01  9.089995860110E-01 -9.497214134643E-01
  0.594594594595 -9.562076996048E-01  9.184596895817E-01 -9.605232105549E-01
  0.595595595596 -9.552835895375E-01  9.279107017773E-01 -9.713457992370E-01
  0.596596596597 -9.543500235868E-01  9.373525290425E-01 -9.821894544725E-01
  0.597597597598 -9.534070109937E-01  9.467850779114E-01 -9.930544531287E-01
  0.598598598599 -9.524545610924E-01  9.562082550125E-01 -1.003941074014E+00
  0.599599599600 -9.514926833110E-01  9.656219670703E-01 -1.014849597908E+00
  0.600600600601 -9.505213871705E-01  9.750261209052E-01 -1.025780307593E+00
  0.601601601602 -9.495406822853E-01  9.844206234335E-01 -1.036733487884E+00
  0.602602602603 -9.485505783629E-01  9.938053816674E-01 -1.047709425661E+00
  0.603603603604 -9.475510852039E-01  1.003180302715E+00 -1.058708409900E+00
  0.604604604605 -9.465422127018E-01  1.012545293780E+00 -1.069730731702E+00
  0.605605605606 -9.455239708429E-01  1.021900262164E+00 -1.080776684332E+00
  0.606606606607 -9.444963697062E-01  1.031245115260E+00 -1.091846563244E+00
  0.607607607608 -9.434594194636E-01  1.040579760565E+00 -1.102940666125E+00
  0.608608608609 -9.424131303792E-01  1.049904105674E+00 -1.114059292926E+00
  0.609609609610 -9.413575128097E-01  1.059218058291E+00 -1.125202745904E+00
  0.610610610611 -9.402925772043E-01  1.068521526223E+00 -1.136371329655E+00
  0.611611611612 -9.392183341042E-01  1.077814417382E+00 -1.147565351150E+00
  0.612612612613 -9.381347941427E-01  1.087096639788E+00 -1.158785119767E+00
  0.613613613614 -9.370419680454E-01  1.096368101563E+00 -1.170030947333E+00
  0.614614614615 -9.359398666296E-01  1.105628710935E+00 -1.181303148157E+00
  0.615615615616 -9.348285008043E-01  1.114878376238E+00 -1.192602039068E+00
  0.616616616617 -9.337078815706E-01  1.124117005910E+00 -1.203927939453E+00
  0.617617617618 -9.325780200208E-01  1.133344508497E+00 -1.215281171298E+00
  0.618618618619 -9.314389273388E-01  1.142560792657E+00 -1.226662059230E+00
  0.619619619620 -9.302906148001E-01  1.151765767161E+00 -1.238070930564E+00
  0.620620620621 -9.291330937712E-01  1.160959340895E+00 -1.249508115337E+00
  0.621621621622 -9.279663757098E-01  1.170141422861E+00 -1.260973946352E+00
  0.622622622623 -9.267904721648E-01  1.179311922172E+00 -1.272468759219E+00
  0.623623623624 -9.256053947757E-01  1.188470748058E+00 -1.283992892399E+00
  0.624624624625 -9.244111552731E-01  1.197617809863E+00 -1.295546687241E+00
  0.625625625626 -9.232077654782E-01  1.206753017043E+00 -1.307130488031E+00
  0.626626626627 -9.219952373027E-01  1.215876279171E+00 -1.318744642031E+00
  0.627627627628 -9.207735827489E-01  1.224987505935E+00 -1.330389499531E+00
  0.628628628629 -9.195428139093E-01  1.234086607142E+00 -1.342065413894E+00
  0.629629629630 -9.183029429667E-01  1.243173492725E+00 -1.353772741606E+00
  0.630630630631 -9.170539821940E-01  1.252248072738E+00 -1.365511842326E+00
  0.631631631632 -9.157959439540E-01  1.261310257359E+00 -1.377283078928E+00
  0.632632632633 -9.145288406995E-01  1.270359956890E+00 -1.389086817556E+00
  0.633633633634 -9.132526849728E-01  1.279397081756E+00 -1.400923427665E+00
  0.634634634635 -9.119674894061E-01  1.288421542505E+00 -1.412793282077E+00
  0.635635635636 -9.106732667207E-01  1.297433249809E+00 -1.424696757028E+00
  0.636636636637 -9.093700297277E-01  1.306432114461E+00 -1.436634232219E+00
  0.637637637638 -9.080577913270E-01  1.315418047382E+00 -1.448606090874E+00
  0.638638638639 -9.067365645079E-01  1.324390959619E+00 -1.460612719790E+00
  0.639639639640 -9.054063623486E-01  1.333350762353E+00 -1.472654509400E+00
  0.640640640641 -9.040671980161E-01  1.342297366896E+00 -1.484731853828E+00
  0.641641641642 -9.027190847662E-01  1.351230684694E+00 -1.496845150941E+00
  0.642642642643 -9.013620359430E-01  1.360150627323E+00 -1.508994802405E+00
  0.643643643644 -8.999960649795E-01  1.369057106493E+00 -1.521181213747E+00
  0.644644644645 -8.986211853967E-01  1.377950034045E+00 -1.533404794409E+00
  0.645645645646 -8.972374108038E-01  1.386829321952E+00 -1.545665957809E+00
  0.646646646647 -8.958447548982E-01  1.395694882322E+00 -1.557965121401E+00
  0.647647647648 -8.944432314649E-01  1.404546627391E+00 -1.570302706736E+00
  0.648648648649 -8.930328543772E-01  1.413384469538E+00 -1.582679139530E+00
  0.649649649650 -8.916136375955E-01  1.422208321278E+00 -1.595094849731E+00
  0.650650650651 -8.901855951680E-01  1.431018095270E+00 -1.607550271582E+00
  0.651651651652 -8.887487412302E-01  1.439813704314E+00 -1.620045843689E+00
  0.652652652653 -8.873030900049E-01  1.448595061349E+00 -1.632582009086E+00
  0.653653653654 -8.858486558017E-01  1.457362079456E+00 -1.645159215303E+00
  0.654654654655 -8.843854530175E-01  1.466114671857E+00 -1.657777914432E+00
  0.655655655656 -8.829134961358E-01  1.474852751916E+00 -1.670438563201E+00
  0.656656656657 -8.814327997267E-01  1.483576233136E+00 -1.683141623043E+00
  0.657657657658 -8.799433784469E-01  1.492285029162E+00 -1.695887560170E+00
  0.658658658659 -8.784452470395E-01  1.500979053786E+00 -1.708676845648E+00
  0.659659659660 -8.769384203337E-01  1.509658220948E+00 -1.721509955481E+00
  0.660660660661 -8.754229132449E-01  1.518322444739E+00 -1.734387370683E+00
  0.661661661662 -8.738987407744E-01  1.526971639397E+00 -1.747309577359E+00
  0.662662662663 -8.723659180091E-01  1.535605719313E+00 -1.760277066782E+00
  0.663663663664 -8.708244601218E-01  1.544224599025E+00 -1.773290335471E+00
  0.664664664665 -8.692743823706E-01  1.552828193222E+00 -1.786349885277E+00
  0.665665665666 -8.677157000989E-01  1.561416416741E+00 -1.799456223465E+00
  0.666666666667 -8.661484287354E-01  1.569989184571E+00 -1.812609862796E+00
  0.667667667668 -8.645725837937E-01  1.578546411848E+00 -1.825811321614E+00
  0.668668668669 -8.629881808723E-01  1.587088013864E+00 -1.839061123942E+00
  0.669669669670 -8.613952356544E-01  1.595613906068E+00 -1.852359799571E+00
  0.670670670671 -8.597937639079E-01  1.604124004067E+00 -1.865707884152E+00
  0.671671671672 -8.581837814849E-01  1.612618223627E+00 -1.879105919290E+00
  0.672672672673 -8.565653043219E-01  1.621096480670E+00 -1.892554452638E+00
  0.673673673674 -8.549383484394E-01  1.629558691278E+00 -1.906054037993E+00
  0.674674674675 -8.533029299417E-01  1.638004771689E+00 -1.919605235390E+00
  0.675675675676 -8.516590650172E-01  1.646434638302E+00 -1.933208611206E+00
  0.676676676677 -8.500067699375E-01  1.654848207672E+00 -1.946864738258E+00
  0.677677677678 -8.483460610580E-01  1.663245396512E+00 -1.960574195910E+00
  0.678678678679 -8.466769548173E-01  1.671626121698E+00 -1.974337570176E+00
  0.679679679680 -8.449994677368E-01  1.679990300271E+00 -1.988155453838E+00
  0.680680680681 -8.433136164215E-01  1.688337849439E+00 -2.002028446550E+00
  0.681681681682 -8.416194175585E-01  1.696668686575E+00 -2.015957154953E+00
  0.682682682683 -8.399168879180E-01  1.704982729220E+00 -2.029942192788E+00
  0.683683683684 -8.382060443524E-01  1.713279895080E+00 -2.043984181006E+00
  0.684684684685 -8.364869037967E-01  1.721560102029E+00 -2.058083747893E+00
  0.685685685686 -8.347594832676E-01  1.729823268107E+00 -2.072241529183E+00
  0.686686686687 -8.330237998641E-01  1.738069311518E+00 -2.086458168183E+00
  0.687687687688 -8.312798707668E-01  1.746298150634E+00 -2.100734315897E+00
  0.688688688689 -8.295277132381E-01  1.754509703999E+00 -2.115070631155E+00
  0.689689689690 -8.277673446217E-01  1.762703890327E+00 -2.129467780748E+00
  0.690690690691 -8.259987823426E-01  1.770880628508E+00 -2.143926439560E+00
  0.691691691692 -8.242220439070E-01  1.779039837608E+00 -2.158447290702E+00
  0.692692692693 -8.224371469019E-01  1.787181436864E+00 -2.173031025649E+00
  0.693693693694 -8.206441089951E-01  1.795305345691E+00 -2.187678344379E+00
  0.694694694695 -8.188429479352E-01  1.803411483676E+00 -2.202389955514E+00
  0.695695695696 -8.170336815507E-01  1.811499770583E+00 -2.217166576468E+00
  0.696696696697 -8.152163277509E-01  1.819570126347E+00 -2.232008933589E+00
  0.697697697698 -8.133909045247E-01  1.827622471082E+00 -2.246917762315E+00
  0.698698698699 -8.115574299411E-01  1.835656725075E+00 -2.261893807329E+00
  0.699699699700 -8.097159221489E-01  1.843672808798E+00 -2.276937822718E+00
  0.700700700701 -8.078663993762E-01  1.851670642902E+00 -2.292050572139E+00
  0.701701701702 -8.060088799305E-01  1.859650148223E+00 -2.307232828978E+00
  0.702702702703 -8.041433821985E-01  1.867611245779E+00 -2.322485376518E+00
  0.703703703704 -8.022699246458E-01  1.875553856770E+00 -2.337809008107E+00
  0.704704704705 -8.003885258169E-01  1.883477902579E+00 -2.353204527335E+00
  0.705705705706 -7.984992043349E-01  1.891383304771E+00 -2.368672748204E+00
  0.706706706707 -7.966019789011E-01  1.899269985093E+00 -2.384214495316E+00
  0.707707707708 -7.946968682953E-01  1.907137865476E+00 -2.399830604047E+00
  0.708708708709 -7.927838913752E-01  1.914986868034E+00 -2.415521920749E+00
  0.709709709710 -7.908630670765E-01  1.922816915071E+00 -2.431289302936E+00
  0.710710710711 -7.889344144125E-01  1.930627929081E+00 -2.447133619489E+00
  0.711711711712 -7.869979524739E-01  1.938419832748E+00 -2.463055750851E+00
  0.712712712713 -7.850537004288E-01  1.946192548948E+00 -2.479056589231E+00
  0.713713713714 -7.831016775225E-01  1.953946000745E+00 -2.495137038815E+00
  0.714714714715 -7.811419030770E-01  1.961680111394E+00 -2.511298015977E+00
  0.715715715716 -7.791743964913E-01  1.969394804340E+00 -2.527540449491E+00
  0.716716716717 -7.771991772406E-01  1.977090003219E+00 -2.543865280761E+00
  0.717717717718 -7.752162648766E-01  1.984765631856E+00 -2.560273464041E+00
  0.718718718719 -7.732256790274E-01  1.992421614270E+00 -2.576765966667E+00
  0.719719719720 -7.712274393966E-01  2.000057874676E+00 -2.593343769304E+00
  0.720720720721 -7.692215657640E-01  2.007674337484E+00 -2.610007866186E+00
  0.721721721722 -7.672080779846E-01  2.015270927304E+00 -2.626759265359E+00
  0.722722722723 -7.651869959890E-01  2.022847568946E+00 -2.643598988939E+00
  0.723723723724 -7.631583397829E-01  2.030404187413E+00 -2.660528073363E+00
  0.724724724725 -7.611221294469E-01  2.037940707911E+00 -2.677547569654E+00
  0.725725725726 -7.590783851366E-01  2.045457055839E+00 -2.694658543690E+00
  0.726726726727 -7.570271270819E-01  2.052953156797E+00 -2.711862076476E+00
  0.727727727728 -7.549683755872E-01  2.060428936582E+00 -2.729159264426E+00
  0.728728728729 -7.529021510311E-01  2.067884321191E+00 -2.746551219649E+00
  0.729729729730 -7.508284738661E-01  2.075319236822E+00 -2.764039070250E+00
  0.730730730731 -7.487473646185E-01  2.082733609881E+00 -2.781623960629E+00
  0.731731731732 -7.466588438883E-01  2.090127366977E+00 -2.799307051789E+00
  0.732732732733 -7.445629323487E-01  2.097500434927E+00 -2.817089521648E+00
  0.733733733734 -7.424596507460E-01  2.104852740751E+00 -2.834972565359E+00
  0.734734734735 -7.403490198997E-01  2.112184211674E+00 -2.852957395635E+00
  0.735735735736 -7.382310607018E-01  2.119494775128E+00 -2.871045243089E+00
  0.736736736737 -7.361057941169E-01  2.126784358749E+00 -2.889237356568E+00
  0.737737737738 -7.339732411821E-01  2.134052890378E+00 -2.907535003512E+00
  0.738738738739 -7.318334230064E-01  2.141300298064E+00 -2.925939470306E+00
  0.739739739740 -7.296863607708E-01  2.148526510064E+00 -2.944452062656E+00
  0.740740740741 -7.275320757281E-01  2.155731454849E+00 -2.963074105965E+00
  0.741741741742 -7.253705892024E-01  2.162915061102E+00 -2.981806945716E+00
  0.742742742743 -7.232019225893E-01  2.170077257718E+00 -3.000651947866E+00
  0.743743743744 -7.210260973553E-01  2.177217973805E+00 -3.019610499248E+00
  0.744744744745 -7.188431350378E-01  2.184337138684E+00 -3.038684007978E+00
  0.745745745746 -7.166530572450E-01  2.191434681887E+00 -3.057873903882E+00
  0.746746746747 -7.144558856553E-01  2.198510533159E+00 -3.077181638923E+00
  0.747747747748 -7.122516420175E-01  2.205564622457E+00 -3.096608687640E+00
  0.748748748749 -7.100403481502E-01  2.212596879953E+00 -3.116156547607E+00
  0.749749749750 -7.078220259420E-01  2.219607236033E+00 -3.135826739892E+00
  0.750750750751 -7.055966973509E-01  2.226595621306E+00 -3.155620809543E+00
  0.751751751752 -7.033643844045E-01  2.233561966596E+00 -3.175540326068E+00
  0.752752752753 -7.011251091992E-01  2.240506202951E+00 -3.195586883930E+00
  0.753753753754 -6.988788939006E-01  2.247428261635E+00 -3.215762103061E+00
  0.754754754755 -6.966257607429E-01  2.254328074133E+00 -3.236067629381E+00
  0.755755755756 -6.943657320287E-01  2.261205572148E+00 -3.256505135330E+00
  0.756756756757 -6.920988301288E-01  2.268060687605E+00 -3.277076320419E+00
  0.757757757758 -6.898250774824E-01  2.274893352646E+00 -3.297782911790E+00
  0.758758758759 -6.875444965960E-01  2.281703499633E+00 -3.318626664790E+00
  0.759759759760 -6.852571100442E-01  2.288491061153E+00 -3.339609363565E+00
  0.760760760761 -6.829629404685E-01  2.295255970017E+00 -3.360732821671E+00
  0.761761761762 -6.806620105779E-01  2.301998159265E+00 -3.381998882692E+00
  0.762762762763 -6.783543431481E-01  2.308717562161E+00 -3.403409420874E+00
  0.763763763764 -6.760399610216E-01  2.315414112195E+00 -3.424966341777E+00
  0.764764764765 -6.737188871074E-01  2.322087743084E+00 -3.446671582942E+00
  0.765765765766 -6.713911443805E-01  2.328738388771E+00 -3.468527114577E+00
  0.766766766767 -6.690567558823E-01  2.335365983424E+00 -3.490534940260E+00
  0.767767767768 -6.667157447196E-01  2.341970461440E+00 -3.512697097659E+00
  0.768768768769 -6.643681340649E-01  2.348551757439E+00 -3.535015659269E+00
  0.769769769770 -6.620139471562E-01  2.355109806273E+00 -3.557492733182E+00
  0.770770770771 -6.596532072963E-01  2.361644543026E+00 -3.580130463862E+00
  0.771771771772 -6.572859378531E-01  2.368155903014E+00 -3.602931032953E+00
  0.772772772773 -6.549121622590E-01  2.374643821787E+00 -3.625896660090E+00
  0.773773773774 -6.525319040108E-01  2.381108235126E+00 -3.649029603749E+00
  0.774774774775 -6.501451866696E-01  2.387549079046E+00 -3.672332162107E+00
  0.775775775776 -6.477520338603E-01  2.393966289794E+00 -3.695806673931E+00
  0.776776776777 -6.453524692715E-01  2.400359803849E+00 -3.719455519491E+00
  0.777777777778 -6.429465166554E-01  2.406729557925E+00 -3.743281121491E+00
  0.778778778779 -6.405341998273E-01  2.413075488966E+00 -3.767285946038E+00
  0.779779779780 -6.381155426654E-01  2.419397534153E+00 -3.791472503627E+00
  0.780780780781 -6.356905691111E-01  2.425695630907E+00 -3.815843350168E+00
  0.781781781782 -6.332593031677E-01  2.431969716886E+00 -3.840401088023E+00
  0.782782782783 -6.308217689014E-01  2.438219729988E+00 -3.865148367080E+00
  0.783783783784 -6.283779904399E-01  2.444445608349E+00 -3.890087885856E+00
  0.784784784785 -6.259279919732E-01  2.450647290345E+00 -3.915222392627E+00
  0.785785785786 -6.234717977525E-01  2.456824714591E+00 -3.940554686591E+00
  0.786786786787 -6.210094320904E-01  2.462977819939E+00 -3.966087619069E+00
  0.787787787788 -6.185409193608E-01  2.469106545483E+00 -3.991824094733E+00
  0.788788788789 -6.160662839982E-01  2.475210830553E+00 -4.017767072869E+00
  0.789789789790 -6.135855504978E-01  2.481290614723E+00 -4.043919568689E+00
  0.790790790791 -6.110987434152E-01  2.487345837810E+00 -4.070284654668E+00
  0.791791791792 -6.086058873661E-01  2.493376439877E+00 -4.096865461930E+00
  0.792792792793 -6.061070070260E-01  2.499382361232E+00 -4.123665181658E+00
  0.793793793794 -6.036021271301E-01  2.505363542427E+00 -4.150687066560E+00
  0.794794794795 -6.010912724730E-01  2.511319924260E+00 -4.177934432367E+00
  0.795795795796 -5.985744679085E-01  2.517251447774E+00 -4.205410659378E+00
  0.796796796797 -5.960517383490E-01  2.523158054255E+00 -4.233119194056E+00
  0.797797797798 -5.935231087660E-01  2.529039685238E+00 -4.261063550661E+00
  0.798798798799 -5.909886041890E-01  2.534896282498E+00 -4.289247312944E+00
  0.799799799800 -5.884482497058E-01  2.540727788062E+00 -4.317674135885E+00
  0.800800800801 -5.859020704623E-01  2.546534144203E+00 -4.346347747490E+00
  0.801801801802 -5.833500916617E-01  2.552315293449E+00 -4.375271950638E+00
  0.802802802803 -5.807923385648E-01  2.558071178576E+00 -4.404450624981E+00
  0.803803803804 -5.782288364897E-01  2.563801742611E+00 -4.433887728905E+00
  0.804804804805 -5.756596108111E-01  2.569506928833E+00 -4.463587301551E+00
  0.805805805806 -5.730846869606E-01  2.575186680770E+00 -4.493553464894E+00
  0.806806806807 -5.705040904261E-01  2.580840942202E+00 -4.523790425893E+00
  0.807807807808 -5.679178467515E-01  2.586469657161E+00 -4.554302478704E+00
  0.808808808809 -5.653259815369E-01  2.592072769927E+00 -4.585094006966E+00
  0.809809809810 -5.627285204379E-01  2.597650225034E+00 -4.616169486155E+00
  0.810810810811 -5.601254891654E-01  2.603201967273E+00 -4.647533486026E+00
  0.811811811812 -5.575169134857E-01  2.608727941689E+00 -4.679190673120E+00
  0.812812812813 -5.549028192196E-01  2.614228093584E+00 -4.711145813353E+00
  0.813813813814 -5.522832322429E-01  2.619702368518E+00 -4.743403774689E+00
  0.814814814815 -5.496581784856E-01  2.625150712306E+00 -4.775969529897E+00
  0.815815815816 -5.470276839317E-01  2.630573071018E+00 -4.808848159404E+00
  0.816816816817 -5.443917746192E-01  2.635969390982E+00 -4.842044854234E+00
  0.817817817818 -5.417504766398E-01  2.641339618783E+00 -4.875564919049E+00
  0.818818818819 -5.391038161383E-01  2.646683701261E+00 -4.909413775291E+00
  0.819819819820 -5.364518193127E-01  2.652001585514E+00 -4.943596964425E+00
  0.820820820821 -5.337945124138E-01  2.657293218901E+00 -4.978120151301E+00
  0.821821821822 -5.311319217451E-01  2.662558549043E+00 -5.012989127626E+00
  0.822822822823 -5.284640736621E-01  2.667797523822E+00 -5.048209815541E+00
  0.823823823824 -5.257909945727E-01  2.673010091381E+00 -5.083788271333E+00
  0.824824824825 -5.231127109363E-01  2.678196200127E+00 -5.119730689269E+00
  0.825825825826 -5.204292492638E-01  2.683355798726E+00 -5.156043405557E+00
  0.826826826827 -5.177406361177E-01  2.688488836107E+00 -5.192732902455E+00
  0.827827827828 -5.150468981112E-01  2.693595261460E+00 -5.229805812515E+00
  0.828828828829 -5.123480619081E-01  2.698675024237E+00 -5.267268922978E+00
  0.829829829830 -5.096441542231E-01  2.703728074153E+00 -5.305129180329E+00
  0.830830830831 -5.069352018207E-01  2.708754361188E+00 -5.343393695011E+00
  0.831831831832 -5.042212315155E-01  2.713753835589E+00 -5.382069746314E+00
  0.832832832833 -5.015022701719E-01  2.718726447870E+00 -5.421164787426E+00
  0.833833833834 -4.987783447034E-01  2.723672148811E+00 -5.460686450673E+00
  0.834834834835 -4.960494820730E-01  2.728590889460E+00 -5.500642552950E+00
  0.835835835836 -4.933157092921E-01  2.733482621128E+00 -5.541041101348E+00
  0.836836836837 -4.905770534212E-01  2.738347295398E+00 -5.581890298989E+00
  0.837837837838 -4.878335415688E-01  2.743184864115E+00 -5.623198551075E+00
  0.838838838839 -4.850852008916E-01  2.747995279394E+00 -5.664974471172E+00
  0.839839839840 -4.823320585940E-01  2.752778493615E+00 -5.707226887715E+00
  0.840840840841 -4.795741419282E-01  2.757534459429E+00 -5.749964850778E+00
  0.841841841842 -4.768114781933E-01  2.762263129760E+00 -5.793197639089E+00
  0.842842842843 -4.740440947356E-01  2.766964457801E+00 -5.836934767311E+00
  0.843843843844 -4.712720189480E-01  2.771638397017E+00 -5.881185993609E+00
  0.844844844845 -4.684952782701E-01  2.776284901146E+00 -5.925961327503E+00
  0.845845845846 -4.657139001874E-01  2.780903924196E+00 -5.971271038029E+00
  0.846846846847 -4.629279122313E-01  2.785495420447E+00 -6.017125662225E+00
  0.847847847848 -4.601373419790E-01  2.790059344449E+00 -6.063536013941E+00
  0.848848848849 -4.573422170530E-01  2.794595651024E+00 -6.110513193014E+00
  0.849849849850 -4.545425651209E-01  2.799104295268E+00 -6.158068594795E+00
  0.850850850851 -4.517384138950E-01  2.803585232550E+00 -6.206213920079E+00
  0.851851851852 -4.489297911322E-01  2.808038418513E+00 -6.254961185425E+00
  0.852852852853 -4.461167246338E-01  2.812463809079E+00 -6.304322733894E+00
  0.853853853854 -4.432992422449E-01  2.816861360445E+00 -6.354311246237E+00
  0.854854854855 -4.404773718544E-01  2.821231029084E+00 -6.404939752538E+00
  0.855855855856 -4.376511413946E-01  2.825572771743E+00 -6.456221644342E+00
  0.856856856857 -4.348205788409E-01  2.829886545447E+00 -6.508170687299E+00
  0.857857857858 -4.319857122117E-01  2.834172307496E+00 -6.560801034334E+00
  0.858858858859 -4.291465695680E-01  2.838430015467E+00 -6.614127239382E+00
  0.859859859860 -4.263031790130E-01  2.842659627211E+00 -6.668164271711E+00
  0.860860860861 -4.234555686921E-01  2.846861100861E+00 -6.722927530872E+00
  0.861861861862 -4.206037667923E-01  2.851034394827E+00 -6.778432862288E+00
  0.862862862863 -4.177478015423E-01  2.855179467800E+00 -6.834696573529E+00
  0.863863863864 -4.148877012118E-01  2.859296278752E+00 -6.891735451306E+00
  0.864864864865 -4.120234941116E-01  2.863384786934E+00 -6.949566779215E+00
  0.865865865866 -4.091552085930E-01  2.867444951877E+00 -7.008208356280E+00
  0.866866866867 -4.062828730479E-01  2.871476733393E+00 -7.067678516330E+00
  0.867867867868 -4.034065159080E-01  2.875480091574E+00 -7.127996148256E+00
  0.868868868869 -4.005261656450E-01  2.879454986790E+00 -7.189180717202E+00
  0.869869869870 -3.976418507701E-01  2.883401379694E+00 -7.251252286725E+00
  0.870870870871 -3.947535998336E-01  2.887319231220E+00 -7.314231541998E+00
  0.871871871872 -3.918614414250E-01  2.891208502587E+00 -7.378139814097E+00
  0.872872872873 -3.889654041723E-01  2.895069155297E+00 -7.442999105429E+00
  0.873873873874 -3.860655167420E-01  2.898901151137E+00 -7.508832116373E+00
  0.874874874875 -3.831618078387E-01  2.902704452176E+00 -7.575662273205E+00
  0.875875875876 -3.802543062046E-01  2.906479020770E+00 -7.643513757360E+00
  0.876876876877 -3.773430406198E-01  2.910224819558E+00 -7.712411536137E+00
  0.877877877878 -3.744280399015E-01  2.913941811460E+00 -7.782381394906E+00
  0.878878878879 -3.715093329038E-01  2.917629959686E+00 -7.853449970910E+00
  0.879879879880 -3.685869485175E-01  2.921289227724E+00 -7.925644788764E+00
  0.880880880881 -3.656609156699E-01  2.924919579353E+00 -7.998994297748E+00
  0.881881881882 -3.627312633244E-01  2.928520978636E+00 -8.073527910984E+00
  0.882882882883 -3.597980204801E-01  2.932093389925E+00 -8.149276046635E+00
  0.883883883884 -3.568612161718E-01  2.935636777860E+00 -8.226270171222E+00
  0.884884884885 -3.539208794695E-01  2.939151107368E+00 -8.304542845209E+00
  0.885885885886 -3.509770394781E-01  2.942636343664E+00 -8.384127770979E+00
  0.886886886887 -3.480297253373E-01  2.946092452250E+00 -8.465059843365E+00
  0.887887887888 -3.450789662210E-01  2.949519398915E+00 -8.547375202887E+00
  0.888888888889 -3.421247913374E-01  2.952917149738E+00 -8.631111291861E+00
  0.889889889890 -3.391672299284E-01  2.956285671082E+00 -8.716306913573E+00
  0.890890890891 -3.362063112695E-01  2.959624929603E+00 -8.803002294717E+00
  0.891891891892 -3.332420646692E-01  2.962934892246E+00 -8.891239151298E+00
  0.892892892893 -3.302745194694E-01  2.966215526248E+00 -8.981060758224E+00
  0.893893893894 -3.273037050442E-01  2.969466799135E+00 -9.072512022844E+00
  0.894894894895 -3.243296508002E-01  2.972688678726E+00 -9.165639562684E+00
  0.895895895896 -3.213523861762E-01  2.975881133131E+00 -9.260491787664E+00
  0.896896896897 -3.183719406427E-01  2.979044130751E+00 -9.357118987110E+00
  0.897897897898 -3.153883437016E-01  2.982177640277E+00 -9.455573421885E+00
  0.898898898899 -3.124016248861E-01  2.985281630693E+00 -9.555909421987E+00
  0.899899899900 -3.094118137602E-01  2.988356071272E+00 -9.658183490007E+00
  0.900900900901 -3.064189399187E-01  2.991400931581E+00 -9.762454410862E+00
  0.901901901902 -3.034230329864E-01  2.994416181479E+00 -9.868783368246E+00
  0.902902902903 -3.004241226185E-01  2.997401791121E+00 -9.977234068275E+00
  0.903903903904 -2.974222384997E-01  3.000357730955E+00 -1.008787287087E+01
  0.904904904905 -2.944174103440E-01  3.003283971721E+00 -1.020076892943E+01
  0.905905905906 -2.914096678950E-01  3.006180484455E+00 -1.031599433942E+01
  0.906906906907 -2.883990409246E-01  3.009047240488E+00 -1.043362429653E+01
  0.907907907908 -2.853855592337E-01  3.011884211441E+00 -1.055373726522E+01
  0.908908908909 -2.823692526512E-01  3.014691369233E+00 -1.067641515826E+01
  0.909909909910 -2.793501510340E-01  3.017468686074E+00 -1.080174352834E+01
  0.910910910911 -2.763282842668E-01  3.020216134470E+00 -1.092981177256E+01
  0.911911911912 -2.733036822615E-01  3.022933687224E+00 -1.106071335084E+01
  0.912912912913 -2.702763749572E-01  3.025621317436E+00 -1.119454601948E+01
  0.913913913914 -2.672463923198E-01  3.028278998504E+00 -1.133141208088E+01
  0.914914914915 -2.642137643414E-01  3.030906704121E+00 -1.147141865101E+01
  0.915915915916 -2.611785210407E-01  3.033504408277E+00 -1.161467794591E+01
  0.916916916917 -2.581406924620E-01  3.036072085263E+00 -1.176130758892E+01
  0.917917917918 -2.551003086754E-01  3.038609709662E+00 -1.191143094040E+01
  0.918918918919 -2.520573997759E-01  3.041117256356E+00 -1.206517745188E+01
  0.919919919920 -2.490119958840E-01  3.043594700526E+00 -1.222268304674E+01
  0.920920920921 -2.459641271446E-01  3.046042017647E+00 -1.238409052982E+01
  0.921921921922 -2.429138237270E-01  3.048459183496E+00 -1.254955002858E+01
  0.922922922923 -2.398611158247E-01  3.050846174147E+00 -1.271921946856E+01
  0.923923923924 -2.368060336549E-01  3.053202965973E+00 -1.289326508641E+01
  0.924924924925 -2.337486074584E-01  3.055529535646E+00 -1.307186198399E+01
  0.925925925926 -2.306888674992E-01  3.057825860136E+00 -1.325519472736E+01
  0.926926926927 -2.276268440641E-01  3.060091916714E+00 -1.344345799502E+01
  0.927927927928 -2.245625674625E-01  3.062327682947E+00 -1.363685728013E+01
  0.928928928929 -2.214960680263E-01  3.064533136703E+00 -1.383560965217E+01
  0.929929929930 -2.184273761092E-01  3.066708256148E+00 -1.403994458375E+01
  0.930930930931 -2.153565220867E-01  3.068853019747E+00 -1.425010484944E+01
  0.931931931932 -2.122835363557E-01  3.070967406268E+00 -1.446634750386E+01
  0.932932932933 -2.092084493341E-01  3.073051394781E+00 -1.468894494731E+01
  0.933933933934 -2.061312914607E-01  3.075104964656E+00 -1.491818608841E+01
  0.934934934935 -2.030520931950E-01  3.077128095568E+00 -1.515437761390E+01
  0.935935935936 -1.999708850162E-01  3.079120767493E+00 -1.539784537756E+01
  0.936936936937 -1.968876974238E-01  3.081082960708E+00 -1.564893592146E+01
  0.937937937938 -1.938025609367E-01  3.083014655793E+00 -1.590801814430E+01
  0.938938938939 -1.907155060933E-01  3.084915833630E+00 -1.617548513397E+01
  0.939939939940 -1.876265634507E-01  3.086786475404E+00 -1.645175618332E+01
  0.940940940941 -1.845357635848E-01  3.088626562601E+00 -1.673727901086E+01
  0.941941941942 -1.814431370900E-01  3.090436077009E+00 -1.703253221132E+01
  0.942942942943 -1.783487145787E-01  3.092215000719E+00 -1.733802796405E+01
  0.943943943944 -1.752525266810E-01  3.093963316123E+00 -1.765431503167E+01
  0.944944944945 -1.721546040445E-01  3.095681005915E+00 -1.798198208580E+01
  0.945945945946 -1.690549773340E-01  3.097368053093E+00 -1.832166140234E+01
  0.946946946947 -1.659536772312E-01  3.099024440956E+00 -1.867403297510E+01
  0.947947947948 -1.628507344344E-01  3.100650153103E+00 -1.903982910407E+01
  0.948948948949 -1.597461796581E-01  3.102245173438E+00 -1.941983952341E+01
  0.949949949950 -1.566400436326E-01  3.103809486166E+00 -1.981491714498E+01
  0.950950950951 -1.535323571042E-01  3.105343075794E+00 -2.022598450492E+01
  0.951951951952 -1.504231508343E-01  3.106845927137E+00 -2.065404101632E+01
  0.952952952953 -1.473124555995E-01  3.108318025313E+00 -2.110017114754E+01
  0.953953953954 -1.442003021910E-01  3.109759355752E+00 -2.156555366738E+01
  0.954954954955 -1.410867214145E-01  3.111169904186E+00 -2.205147212292E+01
  0.955955955956 -1.379717440898E-01  3.112549656656E+00 -2.255932674613E+01
  0.956956956957 -1.348554010507E-01  3.113898599509E+00 -2.309064802187E+01
  0.957957957958 -1.317377231442E-01  3.115216719400E+00 -2.364711219421E+01
  0.958958958959 -1.286187412307E-01  3.116504003289E+00 -2.423055904193E+01
  0.959959959960 -1.254984861836E-01  3.117760438445E+00 -2.484301232036E+01
  0.960960960961 -1.223769888886E-01  3.118986012441E+00 -2.548670334814E+01
  0.961961961962 -1.192542802438E-01  3.120180713154E+00 -2.616409831810E+01
  0.962962962963 -1.161303911596E-01  3.121344528766E+00 -2.687793003708E+01
  0.963963963964 -1.130053525575E-01  3.122477447758E+00 -2.763123495561E+01
  0.964964964965 -1.098791953709E-01  3.123579458916E+00 -2.842739654557E+01
  0.965965965966 -1.067519505439E-01  3.124650551327E+00 -2.927019633278E+01
  0.966966966967 -1.036236490317E-01  3.125690714383E+00 -3.016387420817E+01
  0.967967967968 -1.004943217996E-01  3.126699937776E+00 -3.111320004737E+01
  0.968968968969 -9.736399982346E-02  3.127678211502E+00 -3.212355919203E+01
  0.969969969970 -9.423271408870E-02  3.128625525858E+00 -3.320105502759E+01
  0.970970970971 -9.110049559043E-02  3.129541871447E+00 -3.435263278387E+01
  0.971971971972 -8.796737533300E-02  3.130427239181E+00 -3.558622986455E+01
  0.972972972973 -8.483338432969E-02  3.131281620285E+00 -3.691095958304E+01
  0.973973973974 -8.169855360240E-02  3.132105006300E+00 -3.833733729905E+01
  0.974974974975 -7.856291418136E-02  3.132897389077E+00 -3.987756082781E+01
  0.975975975976 -7.542649710478E-02  3.133658760785E+00 -4.154586095165E+01
  0.976976976977 -7.228933341856E-02  3.134389113904E+00 -4.335894336936E+01
  0.977977977978 -6.915145417598E-02  3.135088441229E+00 -4.533655117723E+01
  0.978978978979 -6.601289043735E-02  3.135756735868E+00 -4.750218805892E+01
  0.979979979980 -6.287367326976E-02  3.136393991244E+00 -4.988405843234E+01
  0.980980980981 -5.973383374669E-02  3.137000201091E+00 -5.251630448489E+01
  0.981981981982 -5.659340294776E-02  3.137575359441E+00 -5.544065555374E+01
  0.982982982983 -5.345241195841E-02  3.138119460615E+00 -5.870865964021E+01
  0.983983983984 -5.031089186964E-02  3.138632499224E+00 -6.238475174236E+01
  0.984984984985 -4.716887377767E-02  3.139114470167E+00 -6.655054952049E+01
  0.985985985986 -4.402638878372E-02  3.139565368631E+00 -7.131098996228E+01
  0.986986986987 -4.088346799363E-02  3.139985190093E+00 -7.680329835479E+01
  0.987987987988 -3.774014251768E-02  3.140373930319E+00 -8.321044174244E+01
  0.988988988989 -3.459644347020E-02  3.140731585361E+00 -9.078192063487E+01
  0.989989989990 -3.145240196936E-02  3.141058151562E+00 -9.986703573935E+01
  0.990990990991 -2.830804913682E-02  3.141353625566E+00 -1.109703325151E+02
  0.991991991992 -2.516341609742E-02  3.141618004406E+00 -1.248486291465E+02
  0.992992992993 -2.201853397874E-02  3.141851285587E+00 -1.426912113505E+02
  0.993993993994 -1.887343391062E-02  3.142053467087E+00 -1.664802219865E+02
  0.994994994995 -1.572814702469E-02  3.142224547358E+00 -1.997835181999E+02
  0.995995995996 -1.258270445389E-02  3.142364525328E+00 -2.497368142790E+02
  0.996996996997 -9.437137331980E-03  3.142473400396E+00 -3.329901102262E+02
  0.997997997998 -6.291476793112E-03  3.142551172439E+00 -4.994934060440E+02
  0.998998998999 -3.145753971307E-03  3.142597841804E+00 -9.989967017348E+02
  1.000000000000  0.000000000000E+00  3.142613409318E+00            Infinity
