 Calculated eEnergies
   9.8498948259366941     
   39.399580079114401     
   88.649058085490012     
   157.59833272120343     
   246.24740941189111     
   354.59629513172609     
   482.64499840218326     
   630.39352929054542     
   797.84189940812939     
   984.99012190828114     
   1191.8382114841434     
   1418.3861843662658     
   1664.6340583201970     
   1930.5818526442040     
   2216.2295881675254     
   2521.5772872496509     
   2846.6249737816461     
   3191.3726731908250     
   3555.8204124510607     
   3939.9682201020100     
   4343.8161262821641     
   4767.3641627828765     
   5210.6123631339115     
   5673.5607627349764     
   6156.2093990543535     
   6658.5583119235971     
   7180.6075439683718     
   7722.3571412305300     
   8283.8071540565834     
   8864.9576383527528     
   9465.8086573429318     
   10086.360284009294     
   10726.612604453599     
   11386.565722494255     
   12066.219765908478     
   12765.574894855492     
   13484.631313173068     
   14223.389283441802     
   14981.849146964227     
   15760.011350127250     
   16557.876479014732     
   17375.445304642752     
   18212.718841808495     
   19069.698425323091     
   19946.385808352712     
   20842.783288769151     
   21758.893870857770     
   22694.721471492463     
   23650.271182034001     
   24625.549599806021     
   25620.565246135637     
   26635.329091703570     
   27669.855214431824     
   28724.161620455314     
   29798.271264988467     
   30892.213317226902     
   32006.024721915001     
   33139.752119961660     
   34293.454201523557     
   35467.204577308039     
   36661.095267318698     
   37875.240920632968     
   39109.783894526008     
   40364.900335500010     
   41640.807417238168     
   42937.771899172280     
   44256.120171350311     
   45596.249942459712     
   46958.643702390727     
   48343.884040592653     
   49752.670815868070     
   51185.840037811162     
   52644.384116370558     
   54129.472840887880     
   55642.474035775427     
   57184.972275489061     
   58758.783293845081     
   60365.960761330753     
   62008.790903189547     
   63689.768968248834     
   65411.549796347754     
   67176.862564727679     
   68988.376932962157     
   70848.503602286830     
   72759.105572510220     
   74721.085471275524     
   76733.797966102284     
   78794.215726516471     
   80895.760168622335     
   83026.711589537532     
   85168.164300227872     
   87291.620114902544     
   89356.535175971119     
   91308.443116082577     
   93078.634106260957     
   94586.689635940056     
   95747.247936581058     
   96481.710059509685     
   111278.37702031749     
   118337.71902361426     
   309617.04827740736     
   385142.30020896997     
   1.7272337110188889E-077
   1.7272337110188889E-077
   2.9643938750474793E-323
   1.3043333050208909E-320
   1.9063028879138657E-319
   6.9402827414747079E-310
   4.0473857707314917E-320
   1.4821969375237396E-323
   7.2911498329796288E-304
   3.7872117897627829E-317
