 eEnergies
  0.50000000029292069     
   2.5000000007326522     
   4.5000000009898233     
   6.5000000011937731     
   8.5000000015356463     
   10.500000013521847     
   12.500000513707963     
   14.500013839523646     
   16.500242779753847     
   18.502778394383729     
   20.520499438994747     
   22.597042752485770     
   24.807576802578737     
   27.215351338147737     
   29.845268523357987     
   32.698808213083431     
   35.771063679077209     
   39.057039689468333     
   42.552859670347630     
   46.255678721342420     
   50.163415444865429     
   54.274528410105901     
   58.587857695065061     
   63.102516334726850     
   67.817815860979479     
   72.733214568324215     
   77.848280980073852     
   83.162667615374815     
   88.676091850806898     
   94.388321750970363     
   100.29916543664291     
   106.40846301097362     
   112.71608036314080     
   119.22190436997248     
   125.92583915365053     
   132.82780314942730     
   139.92772680522887     
   147.22555078415968     
   154.72122457732826     
   162.41470546213972     
   170.30595776316281     
   178.39495239080796     
   186.68166664896830     
   195.16608431754076     
   203.84819603040123     
   212.72799998470111     
   221.80550303415347     
   231.08072223794701     
   240.55368695895334     
   250.22444163072694     
   260.09304934345880     
   270.15959643545438     
   280.42419832009767     
   290.88700682978066     
   301.54821941938349     
   312.40809064390379     
   323.46694640937318     
   334.72520159462852     
   346.18338175516141     
   357.84214975014311     
   369.70233828005769     
   381.76498948458482     
   394.03140292587170     
   406.50319346637741     
   419.18236073389579     
   432.07137203512718     
   445.17326071012485     
   458.49174197882826     
   472.03134826651808     
   485.79758573228014     
   499.79711315644840     
   514.03794331670599     
   528.52966528588638     
   543.28368342544820     
   558.31346483458401     
   573.63478113193082     
   589.26592204487679     
   605.22784658002161     
   621.54422167851442     
   638.24127736847527     
   655.34738086546690     
   672.89219965451775     
   690.90528582385741     
   709.41387194946230     
   728.43962359828095     
   747.99404392043436     
   768.07216698301227     
   788.64410374269085     
   809.64393421922000     
   830.95545697831380     
   852.39462278646181     
   873.68940960592056     
   894.45965293133872     
   914.20160028671876     
   932.28316129457687     
   947.95091046328650     
   960.29293728170944     
   967.29183287680792     
   974.67384439144121     
   1207.4283782013838     
   1916.7049188691562     
   3876.1267919153206     
