           8        1000
  1  1       0.00       2.00       3.00 **VQfit parameters
   4.998732583859E-01   2.899144266566E-01  -7.318328166549E+00      1.225E-06
  1  2       2.00       3.00       4.00 **VQfit parameters
  -4.317053344385E-03   2.038383632170E-01  -2.501923816080E+00      4.932E-08
  1  2       1.00       2.00       3.00 **PmatFit parameters
  -1.204232145863E-03   5.826237882734E-02  -7.369523011799E-01      2.572E-07
  1  3       2.00       3.00       4.00 **VQfit parameters
   3.823753650326E-03  -1.938285768497E-01   1.023487781303E+01      3.309E-08
  1  3       1.00       2.00       3.00 **PmatFit parameters
  -7.076602033112E-01   2.683232992884E-02  -1.757579652870E+00      1.218E-07
  1  4       2.00       3.00       4.00 **VQfit parameters
   1.152511859579E-02  -5.413401733455E-01   6.596049238701E+00      1.366E-07
  1  4       1.00       2.00       3.00 **PmatFit parameters
   4.447495059987E-05  -2.014656764700E-03   2.304525308919E-02      1.362E-08
  1  5       2.00       3.00       4.00 **VQfit parameters
  -1.762961798041E-11   7.146009371580E-10  -7.137525213596E-09      5.839E-15
  1  5       1.00       2.00       3.00 **PmatFit parameters
  -4.029357965203E-13   1.832344552241E-11  -2.070728538125E-10      2.533E-14
  1  6       2.00       3.00       4.00 **VQfit parameters
   8.116954596140E-07  -3.328802006375E-05   3.365452093193E-04      4.635E-10
  1  6       1.00       2.00       3.00 **PmatFit parameters
  -2.276025031555E-11   9.410535466174E-10  -9.589665048240E-09      1.407E-13
  1  7       2.00       3.00       4.00 **VQfit parameters
  -3.337739507698E-14   6.072641009969E-12  -1.168418039664E-10      3.334E-15
  1  7       1.00       2.00       3.00 **PmatFit parameters
   3.639379706287E-15  -3.059817362599E-13   4.643613598270E-12      1.244E-15
  1  8       2.00       3.00       4.00 **VQfit parameters
   1.349248807535E-11  -5.397015559276E-10   5.299410993303E-09      5.042E-15
  1  8       1.00       2.00       3.00 **PmatFit parameters
  -2.859577144432E-14   1.156409092683E-12  -1.108040948341E-11      1.455E-15
  2  2       0.00       2.00       3.00 **VQfit parameters
   1.499889802754E+00   2.420413077829E-01  -5.836653730901E+00      1.139E-06
  2  3       2.00       3.00       4.00 **VQfit parameters
   1.429646275955E-02  -6.694728130181E-01   8.120292137465E+00      1.722E-07
  2  3       1.00       2.00       3.00 **PmatFit parameters
   2.198489125431E-03  -1.049219561954E-01   1.301149405743E+00      5.105E-07
  2  4       2.00       3.00       4.00 **VQfit parameters
  -1.613766480333E-02   8.134667685501E-01  -3.298383190757E+01      1.435E-07
  2  4       1.00       2.00       3.00 **PmatFit parameters
   1.226530346761E+00  -8.838599522186E-02   5.257664972825E+00      3.675E-07
  2  5       2.00       3.00       4.00 **VQfit parameters
  -1.375622543013E-11   5.735897248221E-10  -5.938195738248E-09      1.838E-14
  2  5       1.00       2.00       3.00 **PmatFit parameters
   8.040416573001E-12  -3.291938335178E-10   3.315849115172E-09      4.551E-14
  2  6       2.00       3.00       4.00 **VQfit parameters
   1.075917160017E-04  -4.316171561944E-03   4.256808414146E-02      4.083E-08
  2  6       1.00       2.00       3.00 **PmatFit parameters
   1.823952806468E-09  -7.484414403305E-08   7.559544403280E-07      1.240E-11
  2  7       2.00       3.00       4.00 **VQfit parameters
   2.247127173082E-11  -9.070074264186E-10   9.009521340666E-09      6.303E-15
  2  7       1.00       2.00       3.00 **PmatFit parameters
  -2.119604762799E-13   8.694614694192E-12  -8.791155752427E-11      1.653E-15
  2  8       2.00       3.00       4.00 **VQfit parameters
  -2.201947737162E-10   8.917964066732E-09  -8.891141201798E-08      1.931E-14
  2  8       1.00       2.00       3.00 **PmatFit parameters
   6.984248842805E-13  -2.847528561224E-11   2.856865467899E-10      2.101E-15
  3  3      -2.00       0.00      -3.00 **VQfit parameters
   2.003029941240E-06   2.499602756997E+00  -5.611123294696E-08      4.080E-06
  3  4       2.00       3.00       4.00 **VQfit parameters
   3.285035791689E-02  -1.522525879716E+00   1.819336018103E+01      4.223E-07
  3  4       1.00       2.00       3.00 **PmatFit parameters
   3.481069320929E-03  -1.640947570235E-01   1.998825592587E+00      8.737E-07
  3  5       2.00       3.00       4.00 **VQfit parameters
   3.535290596756E-10  -1.480149399903E-08   1.530449696064E-07      3.211E-13
  3  5       1.00       2.00       3.00 **PmatFit parameters
  -7.656037456491E-12   3.160520778198E-10  -3.214281527403E-09      4.450E-14
  3  6       2.00       3.00       4.00 **VQfit parameters
   2.104196209130E-04  -8.628871024568E-03   8.723350197983E-02      1.185E-07
  3  6       1.00       2.00       3.00 **PmatFit parameters
  -6.113781128165E-09   2.520838211196E-07  -2.560062037869E-06      3.473E-11
  3  7       2.00       3.00       4.00 **VQfit parameters
  -2.131717684497E-11   8.683918684402E-10  -8.716031502232E-09      5.787E-15
  3  7       1.00       2.00       3.00 **PmatFit parameters
   2.471290682053E-13  -1.010496858136E-11   1.018288277578E-10      1.425E-15
  3  8       2.00       3.00       4.00 **VQfit parameters
  -2.628339349532E-09   1.065665631794E-07  -1.063840001708E-06      2.082E-13
  3  8       1.00       2.00       3.00 **PmatFit parameters
   7.389768259379E-12  -3.038838849466E-10   3.077249685330E-09      1.239E-14
  4  4      -2.00       0.00      -3.00 **VQfit parameters
  -1.344891353711E-05   3.502720483515E+00   3.746277171258E-07      2.650E-05
  4  5       2.00       3.00       4.00 **VQfit parameters
   2.021035679692E-09  -8.196464397498E-08   8.183802181873E-07      5.533E-13
  4  5       1.00       2.00       3.00 **PmatFit parameters
   5.289677983734E-13  -2.640898969864E-11   3.300032353636E-10      8.236E-14
  4  6       2.00       3.00       4.00 **VQfit parameters
  -1.449576251007E-02   5.811779187875E-01  -5.727994357146E+00      5.609E-06
  4  6       1.00       2.00       3.00 **PmatFit parameters
  -2.573147127610E-07   1.056007723264E-05  -1.066770241942E-04      1.707E-09
  4  7       2.00       3.00       4.00 **VQfit parameters
  -9.972043804432E-12   3.940936959936E-10  -3.793470172339E-09      1.038E-14
  4  7       1.00       2.00       3.00 **PmatFit parameters
   7.167741669668E-14  -2.702809057940E-12   2.391793793263E-11      2.201E-15
  4  8       2.00       3.00       4.00 **VQfit parameters
  -2.832467680254E-08   1.148320594564E-06  -1.146230640779E-05      2.271E-12
  4  8       1.00       2.00       3.00 **PmatFit parameters
   7.508890762088E-11  -3.090013627406E-09   3.131235726147E-08      1.237E-13
  5  5      -2.00       0.00      -3.00 **VQfit parameters
   3.014295228297E-01  -3.799972139202E+01  -7.284645410683E-03      1.111E+00
  5  6       2.00       3.00       4.00 **VQfit parameters
   8.676425118815E+00  -3.298160859326E+02   3.192694234754E+03      3.429E-03
  5  6       1.00       2.00       3.00 **PmatFit parameters
   1.515679529299E-01  -5.250069129061E+00   4.518211714871E+01      1.082E-03
  5  7       2.00       3.00       4.00 **VQfit parameters
   1.133504656955E+01  -4.745825235674E+02   4.911319049819E+03      2.717E-04
  5  7       1.00       2.00       3.00 **PmatFit parameters
   1.014377172833E+01  -3.889417369260E+02   3.433159319436E+03      7.613E-03
  5  8       2.00       3.00       4.00 **VQfit parameters
   5.649001396295E-01  -2.437948134426E+01   2.640396194239E+02      1.057E-04
  5  8       1.00       2.00       3.00 **PmatFit parameters
   2.911219409246E-06  -7.096916014763E-05   3.693143096042E-04      1.865E-07
  6  6      -2.00       0.00      -3.00 **VQfit parameters
   1.121326052425E+02  -1.439875602242E+04  -3.607354464249E+00      1.432E+04
  6  7       2.00       3.00       4.00 **VQfit parameters
   4.298334250239E-01  -1.954420838141E+01   2.201081472847E+02      3.408E-05
  6  7       1.00       2.00       3.00 **PmatFit parameters
   7.285437767300E-14  -1.101654429130E-11   2.178440456280E-10      6.263E-14
  6  8       2.00       3.00       4.00 **VQfit parameters
   1.515590312828E+01  -6.742358529656E+02   7.296760938507E+03      1.124E-02
  6  8       1.00       2.00       3.00 **PmatFit parameters
   9.151237902358E+00  -3.581453623360E+02   3.198387186077E+03      7.717E-03
  7  7      -2.00       0.00      -3.00 **VQfit parameters
   9.202111670361E-02  -1.799636025505E+02  -1.405620530375E-05      4.782E-03
  7  8       2.00       3.00       4.00 **VQfit parameters
   7.194675314294E-02  -3.175556286666E+00   3.474622236477E+01      3.542E-06
  7  8       1.00       2.00       3.00 **PmatFit parameters
   2.474284192395E-12  -7.182254148854E-11   3.595613832362E-10      1.702E-13
  8  8      -2.00       0.00      -3.00 **VQfit parameters
   8.981192052843E-02  -1.802616766292E+02   2.182863148395E-05      3.830E-03
