 FitRangeMin =   40.000000000000000     
 FitRangeMax =   50.000000000000000     

   1   0.5000022750146E+00   0.1703965095702E-01     0.00635251      40.0000
   2   0.1500105568687E+01   0.5297410998330E+00     0.16988517      40.0000
   3   0.2500927340858E+01   0.4847476851246E+01     0.93828263      40.0000
   4   0.3505101551836E+01   0.2667562584902E+02     2.70281975      40.0000
   5   0.1610593384433E-01   0.1610593384433E-01     0.00600648      40.0000
   6   0.1940530293789E-01   0.1940530293789E-01     0.00722816      40.0000
   7   0.8201328037405E+00   0.8201328037405E+00     0.24678922      40.0000
   8   0.8463610944074E+00   0.8463610944074E+00     0.25334876      40.0000
