           8        1000
  1  1       0.00       2.00       3.00 **VQfit parameters
   5.000003836103E-01  -4.573330097349E-03   2.699221300596E-01      3.213E-10
  1  2       2.00       3.00       4.00 **VQfit parameters
  -1.080163487983E-04   1.279971731701E-02  -7.960217665607E+00      1.504E-11
  1  2       1.00       2.00       3.00 **PmatFit parameters
   7.071127086421E-01  -7.056259863500E-04   1.437106866150E+00      3.660E-11
  1  3       2.00       3.00       4.00 **VQfit parameters
  -3.264648219552E+00   2.300765377910E-02  -2.251784117294E+01      2.684E-11
  1  3       1.00       2.00       3.00 **PmatFit parameters
  -1.706534798539E-05   2.027919390206E-03  -1.699746710303E+00      1.063E-10
  1  4       2.00       3.00       4.00 **VQfit parameters
   4.470176007303E-04  -5.292121513075E-02   2.558299284542E+01      6.254E-11
  1  4       1.00       2.00       3.00 **PmatFit parameters
   4.812582252276E-06  -5.702577024068E-04   1.890486943944E-02      3.042E-11
  1  5       2.00       3.00       4.00 **VQfit parameters
  -1.491157584055E-04   1.758653583385E-02  -5.795332354062E-01      2.126E-11
  1  5       1.00       2.00       3.00 **PmatFit parameters
  -4.118839625951E-08   4.406227386153E-06  -1.223210103639E-04      3.872E-13
  1  6       2.00       3.00       4.00 **VQfit parameters
  -2.158684341371E-06   2.301924864576E-04  -6.367652217831E-03      4.549E-13
  1  6       1.00       2.00       3.00 **PmatFit parameters
  -2.864571740104E-10   2.922786673424E-08  -7.587345368580E-07      3.582E-15
  1  7       2.00       3.00       4.00 **VQfit parameters
  -2.284792275339E-08   2.324647430496E-06  -6.016598123275E-05      6.381E-15
  1  7       1.00       2.00       3.00 **PmatFit parameters
  -1.939189297576E-12   1.929999746724E-10  -4.848785615909E-09      1.073E-16
  1  8       2.00       3.00       4.00 **VQfit parameters
  -2.243499930860E-10   2.223128470968E-08  -5.559694884487E-07      8.350E-17
  1  8       1.00       2.00       3.00 **PmatFit parameters
  -6.763208618483E-14   6.425635409200E-12  -1.520970971513E-10      8.920E-17
  2  2       0.00       2.00       3.00 **VQfit parameters
   2.500004406945E+00  -5.198616972598E-02   3.035462350042E+00      3.769E-09
  2  3       2.00       3.00       4.00 **VQfit parameters
  -1.215642654314E-03   1.437389346308E-01  -5.397609230606E+01      1.711E-10
  2  3       1.00       2.00       3.00 **PmatFit parameters
   1.732144407936E+00  -1.111829720235E-02   8.449071224595E+00      5.844E-10
  2  4       2.00       3.00       4.00 **VQfit parameters
  -1.264571082710E+01   3.000065016999E-01  -1.615924700521E+02      3.542E-10
  2  4       1.00       2.00       3.00 **PmatFit parameters
  -1.214093172948E-04   1.439863726046E-02  -6.799552198194E+00      7.641E-10
  2  5       2.00       3.00       4.00 **VQfit parameters
   3.800128562059E-03  -4.489179009257E-01   1.409215213091E+02      5.375E-10
  2  5       1.00       2.00       3.00 **PmatFit parameters
   2.629199616016E-05  -3.105852453570E-03   1.024853880849E-01      1.687E-10
  2  6       2.00       3.00       4.00 **VQfit parameters
   1.037525777287E-03  -1.219408795487E-01   3.997250930889E+00      1.505E-10
  2  6       1.00       2.00       3.00 **PmatFit parameters
   2.845115358411E-07  -3.039537305275E-05   8.422848951713E-04      2.700E-12
  2  7       2.00       3.00       4.00 **VQfit parameters
   1.811496967739E-05  -1.928849023241E-03   5.325096558523E-02      3.857E-12
  2  7       1.00       2.00       3.00 **PmatFit parameters
   2.402242003835E-09  -2.448895802648E-07   6.350193264233E-06      3.026E-14
  2  8       2.00       3.00       4.00 **VQfit parameters
   2.255477434935E-07  -2.292720401602E-05   5.927164750218E-04      6.350E-14
  2  8       1.00       2.00       3.00 **PmatFit parameters
   1.954513825723E-11  -1.941375608900E-09   4.866423698042E-08      3.501E-16
  3  3       0.00       2.00       3.00 **VQfit parameters
   4.500018732334E+00  -2.189619129638E-01   1.266547521236E+01      1.631E-08
  3  4       2.00       3.00       4.00 **VQfit parameters
  -5.753075849650E-03   6.788712455874E-01  -1.877680002099E+02      8.182E-10
  3  4       1.00       2.00       3.00 **PmatFit parameters
   2.738992273738E+00  -4.499077652582E-02   2.156647655002E+01      2.392E-09
  3  5       2.00       3.00       4.00 **VQfit parameters
  -2.732408468286E+01   1.382750923937E+00  -5.188994604370E+02      1.652E-09
  3  5       1.00       2.00       3.00 **PmatFit parameters
  -3.867561881414E-04   4.577520628793E-02  -1.517108559264E+01      2.459E-09
  3  6       2.00       3.00       4.00 **VQfit parameters
  -1.451886573387E-02   1.711364361447E+00  -4.016628031512E+02      2.076E-09
  3  6       1.00       2.00       3.00 **PmatFit parameters
  -7.434717133774E-05   8.755885044945E-03  -2.875919457426E-01      4.845E-10
  3  7       2.00       3.00       4.00 **VQfit parameters
  -3.569369757918E-03   4.180783772761E-01  -1.363362525232E+01      5.266E-10
  3  7       1.00       2.00       3.00 **PmatFit parameters
  -9.718624038137E-07   1.036879780146E-04  -2.868125707800E-03      9.313E-12
  3  8       2.00       3.00       4.00 **VQfit parameters
  -7.288726737568E-05   7.749482860917E-03  -2.135234913638E-01      1.568E-11
  3  8       1.00       2.00       3.00 **PmatFit parameters
  -9.656677761176E-09   9.835987502141E-07  -2.547877315260E-05      1.225E-13
  4  4       0.00       2.00       3.00 **VQfit parameters
   6.500052883758E+00  -6.125535113554E-01   3.509858984595E+01      4.688E-08
  4  5       2.00       3.00       4.00 **VQfit parameters
  -1.829064181297E-02   2.153840409989E+00  -4.695472883639E+02      2.629E-09
  4  5       1.00       2.00       3.00 **PmatFit parameters
   3.742645818133E+00  -1.169652127185E-01   4.126878460883E+01      6.290E-09
  4  6       2.00       3.00       4.00 **VQfit parameters
   4.734184109146E+01  -4.176036660461E+00   1.209419072818E+03      5.046E-09
  4  6       1.00       2.00       3.00 **PmatFit parameters
   8.945025032078E-04  -1.056561232065E-01   2.713914726980E+01      5.746E-09
  4  7       2.00       3.00       4.00 **VQfit parameters
   3.948078413968E-02  -4.643324128019E+00   8.767097753888E+02      5.710E-09
  4  7       1.00       2.00       3.00 **PmatFit parameters
   1.610449207143E-04  -1.890926538075E-02   6.182491118045E-01      1.065E-09
  4  8       2.00       3.00       4.00 **VQfit parameters
   9.119961091685E-03  -1.064623974249E+00   3.453968443616E+01      1.368E-09
  4  8       1.00       2.00       3.00 **PmatFit parameters
   2.465921516673E-06  -2.627358749384E-04   7.254513707188E-03      2.386E-11
  5  5       0.00       2.00       3.00 **VQfit parameters
   8.500117874502E+00  -1.352958778464E+00   7.678569731451E+01      1.064E-07
  5  6       2.00       3.00       4.00 **VQfit parameters
   4.579300735920E-02  -5.380900391019E+00   9.682702161639E+02      6.653E-09
  5  6       1.00       2.00       3.00 **PmatFit parameters
  -4.745471163717E+00   2.426833970265E-01  -6.806156846632E+01      1.320E-08
  5  7       2.00       3.00       4.00 **VQfit parameters
  -7.271418639105E+01   9.967405413452E+00  -2.360259308395E+03      1.218E-08
  5  7       1.00       2.00       3.00 **PmatFit parameters
  -1.732628599836E-03   2.042380317226E-01  -4.303258450756E+01      1.124E-08
  5  8       2.00       3.00       4.00 **VQfit parameters
  -8.820267829744E-02   1.035035239639E+01  -1.644322050751E+03      1.290E-08
  5  8       1.00       2.00       3.00 **PmatFit parameters
  -2.998423725800E-04   3.510152386670E-02  -1.142466194219E+00      2.014E-09
  6  6       0.00       2.00       3.00 **VQfit parameters
   1.050022634042E+01  -2.574574365670E+00   1.447271958501E+02      2.079E-07
  6  7       2.00       3.00       4.00 **VQfit parameters
   9.789313914805E-02  -1.147786282595E+01   1.762504039558E+03      1.438E-08
  6  7       1.00       2.00       3.00 **PmatFit parameters
  -5.748285110866E+00   4.388498624232E-01  -1.024794858408E+02      2.414E-08
  6  8       2.00       3.00       4.00 **VQfit parameters
  -1.034568294669E+02   2.045999562603E+01  -4.111651080228E+03      2.530E-08
  6  8       1.00       2.00       3.00 **PmatFit parameters
  -2.996258898850E-03   3.524739234893E-01  -6.319938910528E+01      1.965E-08
  7  7       0.00       2.00       3.00 **VQfit parameters
   1.250039268300E+01  -4.427124654537E+00   2.465128002553E+02      3.669E-07
  7  8       2.00       3.00       4.00 **VQfit parameters
   1.871922024614E-01  -2.189966672194E+01   2.941293155419E+03      2.781E-08
  7  8       1.00       2.00       3.00 **PmatFit parameters
  -6.751515540178E+00   7.233017014391E-01  -1.450881603917E+02      4.025E-08
  8  8       0.00       2.00       3.00 **VQfit parameters
   1.450063322632E+01  -7.076891825736E+00   3.903647202092E+02      6.017E-07
