          10        8000
  1  1       0.00       2.00       3.00 **VQfit parameters
   4.999998083886E-01   1.074182462052E-02  -1.383342349014E+00      3.978E-12
  1  2       2.00       3.00       4.00 **VQfit parameters
   7.429001733708E-07  -1.807738286510E-04   1.172319928686E-02      3.389E-16
  1  2       1.00       2.00       3.00 **PmatFit parameters
   2.760766552840E-07  -6.723034474619E-05   4.364200633089E-03      1.226E-14
  1  3       2.00       3.00       4.00 **VQfit parameters
   4.560402637494E-06  -1.182997556984E-03   7.621680521894E+00      1.603E-15
  1  3       1.00       2.00       3.00 **PmatFit parameters
  -7.071071485384E-01   8.895014514331E-05  -1.419555949157E+00      1.923E-13
  1  4       2.00       3.00       4.00 **VQfit parameters
   1.822693773646E-06  -4.434910480804E-04   2.875673985277E-02      8.235E-16
  1  4       1.00       2.00       3.00 **PmatFit parameters
   3.055504308105E-10  -6.892858937141E-08   3.996390981247E-06      1.540E-15
  1  5       2.00       3.00       4.00 **VQfit parameters
   8.077334626395E-14  -3.444818680391E-11   2.602265835274E-09      3.354E-18
  1  5       1.00       2.00       3.00 **PmatFit parameters
   1.324477464835E-14  -2.347712915801E-12   1.026710009058E-10      7.921E-18
  1  6       2.00       3.00       4.00 **VQfit parameters
  -8.703942644010E-12   1.686367629644E-09  -8.166886498050E-08      3.623E-18
  1  6       1.00       2.00       3.00 **PmatFit parameters
   1.904200703900E-13  -3.677377544143E-11   1.774265297519E-09      7.473E-18
  1  7       2.00       3.00       4.00 **VQfit parameters
   1.061997407917E-12  -1.979119739355E-10   9.175714140275E-09      3.488E-18
  1  7       1.00       2.00       3.00 **PmatFit parameters
   1.567106600703E-14  -3.266442645936E-12   1.692747598620E-10      7.093E-18
  1  8       2.00       3.00       4.00 **VQfit parameters
   2.282784885059E-12  -4.433688811354E-10   2.152530834473E-08      3.117E-18
  1  8       1.00       2.00       3.00 **PmatFit parameters
  -5.758133045843E-15   1.020396668204E-12  -4.418385198547E-11      6.589E-18
  1  9       2.00       3.00       4.00 **VQfit parameters
   5.779184061102E-14  -2.243411501553E-11   1.627224015646E-09      3.669E-18
  1  9       1.00       2.00       3.00 **PmatFit parameters
   4.824913444172E-15  -8.935563037221E-13   4.142768839709E-11      6.912E-18
  1 10       2.00       3.00       4.00 **VQfit parameters
   1.069542369071E-12  -2.036785257295E-10   9.659296403916E-09      3.490E-18
  1 10       1.00       2.00       3.00 **PmatFit parameters
  -1.480411247505E-13   2.857210900237E-11  -1.377550073865E-09      6.554E-18
  2  2       0.00       2.00       3.00 **VQfit parameters
   1.499999841973E+00   8.303476545798E-03  -1.031436328711E+00      1.426E-11
  2  3       2.00       3.00       4.00 **VQfit parameters
  -2.111222263212E-06   5.135890526366E-04  -3.329243269434E-02      9.551E-16
  2  3       1.00       2.00       3.00 **PmatFit parameters
  -3.942662945128E-07   9.594364546258E-05  -6.222137874665E-03      1.822E-14
  2  4       2.00       3.00       4.00 **VQfit parameters
   1.815086830614E-05  -4.701880147745E-03   2.209529484680E+01      6.294E-15
  2  4       1.00       2.00       3.00 **PmatFit parameters
  -1.224746339588E+00   3.777792870068E-04  -4.107851952990E+00      1.399E-13
  2  5       2.00       3.00       4.00 **VQfit parameters
  -1.753551680845E-11   3.411979582959E-09  -1.659655790320E-07      4.245E-18
  2  5       1.00       2.00       3.00 **PmatFit parameters
   1.161279065384E-13  -2.299662634928E-11   1.138021626936E-09      1.015E-17
  2  6       2.00       3.00       4.00 **VQfit parameters
   2.226229159858E-11  -4.352537430388E-09   2.126914303576E-07      4.813E-18
  2  6       1.00       2.00       3.00 **PmatFit parameters
   4.702634388640E-13  -9.124749127799E-11   4.425740530370E-09      9.543E-18
  2  7       2.00       3.00       4.00 **VQfit parameters
   1.096829042611E-11  -2.154072560170E-09   1.057303230278E-07      4.583E-18
  2  7       1.00       2.00       3.00 **PmatFit parameters
   3.170205727404E-13  -6.177244637784E-11   3.008027295523E-09      8.893E-18
  2  8       2.00       3.00       4.00 **VQfit parameters
  -4.229394919385E-12   8.441361897522E-10  -4.206112606124E-08      4.772E-18
  2  8       1.00       2.00       3.00 **PmatFit parameters
  -3.186948137804E-13   6.222898896931E-11  -3.037483302712E-09      9.122E-18
  2  9       2.00       3.00       4.00 **VQfit parameters
   1.609987204694E-11  -3.137998554444E-09   1.528510821500E-07      4.557E-18
  2  9       1.00       2.00       3.00 **PmatFit parameters
  -9.735334021413E-14   1.897804190698E-11  -9.246068606883E-10      8.186E-18
  2 10       2.00       3.00       4.00 **VQfit parameters
   1.797018864572E-11  -3.508732535439E-09   1.712575937864E-07      4.813E-18
  2 10       1.00       2.00       3.00 **PmatFit parameters
  -5.109056321142E-13   9.962071410149E-11  -4.855114320830E-09      8.493E-18
  3  3       0.00       2.00       3.00 **VQfit parameters
   2.499999959843E+00   1.767262508554E-03  -1.935270818837E-01      1.171E-11
  3  4       2.00       3.00       4.00 **VQfit parameters
   3.908685358965E-06  -9.503728331839E-04   6.156247892191E-02      1.778E-15
  3  4       1.00       2.00       3.00 **PmatFit parameters
   4.873207368026E-07  -1.185191335545E-04   7.679824662566E-03      2.270E-14
  3  5       2.00       3.00       4.00 **VQfit parameters
  -1.169952041963E-11   2.283386573346E-09  -1.113531537689E-07      5.327E-18
  3  5       1.00       2.00       3.00 **PmatFit parameters
  -3.099858962135E-13   5.963824271503E-11  -2.867150543605E-09      1.056E-17
  3  6       2.00       3.00       4.00 **VQfit parameters
  -5.147762518467E-12   1.004198409701E-09  -4.899144098261E-08      5.776E-18
  3  6       1.00       2.00       3.00 **PmatFit parameters
  -3.391685454496E-13   6.649222976388E-11  -3.257678755885E-09      1.058E-17
  3  7       2.00       3.00       4.00 **VQfit parameters
   5.937304485979E-12  -1.180345367598E-09   5.864989128614E-08      5.286E-18
  3  7       1.00       2.00       3.00 **PmatFit parameters
   4.714357542683E-13  -9.167886731661E-11   4.456300941755E-09      1.019E-17
  3  8       2.00       3.00       4.00 **VQfit parameters
  -4.195086329743E-12   8.225980230561E-10  -4.033634578678E-08      4.751E-18
  3  8       1.00       2.00       3.00 **PmatFit parameters
   3.405974026732E-13  -6.664205734307E-11   3.259275748127E-09      9.111E-18
  3  9       2.00       3.00       4.00 **VQfit parameters
   2.250131695767E-11  -4.375533256467E-09   2.126763781681E-07      5.222E-18
  3  9       1.00       2.00       3.00 **PmatFit parameters
  -4.219809869173E-13   8.195289555496E-11  -3.978408533717E-09      8.675E-18
  3 10       2.00       3.00       4.00 **VQfit parameters
  -1.696764241165E-11   3.322239950020E-09  -1.625951115862E-07      4.825E-18
  3 10       1.00       2.00       3.00 **PmatFit parameters
   2.531350701880E-13  -4.956846452121E-11   2.425349730364E-09      8.530E-18
  4  4      -2.00       0.00      -3.00 **VQfit parameters
  -8.383902971514E-10   3.500003982160E+00   4.914885938602E-12      4.032E-11
  4  5       2.00       3.00       4.00 **VQfit parameters
   1.621118140989E-13   4.193824711620E-12  -1.968049826989E-09      6.868E-18
  4  5       1.00       2.00       3.00 **PmatFit parameters
   1.588476007380E-13  -3.133025874673E-11   1.545233630509E-09      1.381E-17
  4  6       2.00       3.00       4.00 **VQfit parameters
   1.966504159979E-11  -3.816660479372E-09   1.851064804294E-07      6.797E-18
  4  6       1.00       2.00       3.00 **PmatFit parameters
   8.906538677383E-14  -1.724087424563E-11   8.341593378181E-10      1.145E-17
  4  7       2.00       3.00       4.00 **VQfit parameters
  -4.760416736215E-12   9.207739825262E-10  -4.448861758506E-08      5.949E-18
  4  7       1.00       2.00       3.00 **PmatFit parameters
   2.003853412551E-13  -3.871154834882E-11   1.869410060354E-09      1.227E-17
  4  8       2.00       3.00       4.00 **VQfit parameters
   2.858067554993E-11  -5.576805480971E-09   2.720076089299E-07      5.782E-18
  4  8       1.00       2.00       3.00 **PmatFit parameters
  -3.691810717385E-13   7.122809339809E-11  -3.434609881374E-09      1.155E-17
  4  9       2.00       3.00       4.00 **VQfit parameters
   9.918167470765E-12  -1.914615243396E-09   9.238810221164E-08      6.236E-18
  4  9       1.00       2.00       3.00 **PmatFit parameters
   1.940951566384E-13  -3.808189214055E-11   1.867990911105E-09      1.136E-17
  4 10       2.00       3.00       4.00 **VQfit parameters
   1.777960752986E-11  -3.429750102785E-09   1.653520069743E-07      6.053E-18
  4 10       1.00       2.00       3.00 **PmatFit parameters
   5.437772724243E-13  -1.060827213139E-10   5.173100902719E-09      1.067E-17
  5  5      -2.00       0.00      -3.00 **VQfit parameters
  -7.127666776739E-06   3.452187586586E+01   5.119393643034E-08      5.142E-07
  5  6       2.00       3.00       4.00 **VQfit parameters
   2.077206543400E-04  -4.964720038979E-02   3.137842015605E+00      1.123E-13
  5  6       1.00       2.00       3.00 **PmatFit parameters
   2.233948231083E-06  -5.336917992685E-04   3.371677709435E-02      1.537E-13
  5  7       2.00       3.00       4.00 **VQfit parameters
   1.787963767888E+01  -3.277787188745E+03   1.918808394774E+05      2.196E-08
  5  7       1.00       2.00       3.00 **PmatFit parameters
  -1.720053283531E+01  -9.929634880200E+01   3.664940243737E+03      6.830E-08
  5  8       2.00       3.00       4.00 **VQfit parameters
   2.231919608520E-04  -5.325004912697E-02   3.357266484350E+00      1.261E-13
  5  8       1.00       2.00       3.00 **PmatFit parameters
   3.526938186972E-08  -7.894341533022E-06   4.533108548246E-04      3.146E-14
  5  9       2.00       3.00       4.00 **VQfit parameters
  -8.173357564345E+02  -1.261771273448E+04   4.863777196570E+05      8.903E-08
  5  9       1.00       2.00       3.00 **PmatFit parameters
  -2.277097242083E-01   4.166055015921E+01  -2.367797332146E+03      2.751E-08
  5 10       2.00       3.00       4.00 **VQfit parameters
  -5.313379273965E-06   1.180902314601E-03  -6.741387877844E-02      1.682E-14
  5 10       1.00       2.00       3.00 **PmatFit parameters
  -8.016640870111E-10   1.630046914906E-07  -8.474784293474E-06      4.727E-15
  6  6      -2.00       0.00      -3.00 **VQfit parameters
  -8.716349099709E-06   3.552643017288E+01   6.284553676488E-08      6.559E-07
  6  7       2.00       3.00       4.00 **VQfit parameters
  -2.185443321692E-04   5.221456885923E-02  -3.298065475124E+00      1.181E-13
  6  7       1.00       2.00       3.00 **PmatFit parameters
  -2.289462295962E-06   5.465523637519E-04  -3.449572738037E-02      1.487E-13
  6  8       2.00       3.00       4.00 **VQfit parameters
   2.283617516927E+01  -4.183012916617E+03   2.369816630311E+05      2.817E-08
  6  8       1.00       2.00       3.00 **PmatFit parameters
  -1.756338480780E+01  -1.242487063395E+02   4.754978489413E+03      8.542E-08
  6  9       2.00       3.00       4.00 **VQfit parameters
  -2.348349058570E-04   5.599876983364E-02  -3.527851907054E+00      1.284E-13
  6  9       1.00       2.00       3.00 **PmatFit parameters
  -3.751977617742E-08   8.380670653479E-06  -4.802492171075E-04      3.542E-14
  6 10       2.00       3.00       4.00 **VQfit parameters
   8.473962161179E+02   1.611757971150E+04  -6.386318536896E+05      1.136E-07
  6 10       1.00       2.00       3.00 **PmatFit parameters
   2.820349061336E-01  -5.157178386746E+01   2.847335359513E+03      3.418E-08
  7  7      -2.00       0.00      -3.00 **VQfit parameters
  -1.062723752099E-05   3.653187491921E+01   7.688392195015E-08      8.296E-07
  7  8       2.00       3.00       4.00 **VQfit parameters
   2.296990379663E-04  -5.485781555506E-02   3.462791716249E+00      1.207E-13
  7  8       1.00       2.00       3.00 **PmatFit parameters
   2.341897689569E-06  -5.588126862523E-04   3.524521100912E-02      1.630E-13
  7  9       2.00       3.00       4.00 **VQfit parameters
   1.077450382974E+01  -1.973785790310E+03   1.123868648352E+05      1.329E-08
  7  9       1.00       2.00       3.00 **PmatFit parameters
  -1.789688954955E+01  -1.545458022415E+02   6.087983470029E+03      1.062E-07
  7 10       2.00       3.00       4.00 **VQfit parameters
  -2.455190730687E-04   5.855058319834E-02  -3.688134389785E+00      1.405E-13
  7 10       1.00       2.00       3.00 **PmatFit parameters
  -3.870878125669E-08   8.657479455105E-06  -4.968772060142E-04      3.587E-14
  8  8      -2.00       0.00      -3.00 **VQfit parameters
  -1.292275110506E-05   3.753838766856E+01   9.376634601707E-08      1.041E-06
  8  9       2.00       3.00       4.00 **VQfit parameters
  -2.430336437281E-04   5.799999922706E-02  -3.656847381744E+00      1.363E-13
  8  9       1.00       2.00       3.00 **PmatFit parameters
  -2.393294563711E-06   5.708609488193E-04  -3.598370687459E-02      1.618E-13
  8 10       2.00       3.00       4.00 **VQfit parameters
  -1.371191037811E+01   2.510098682911E+03  -1.388338924783E+05      1.697E-08
  8 10       1.00       2.00       3.00 **PmatFit parameters
   1.819586386115E+01   1.911314510560E+02  -7.707092133656E+03      1.312E-07
  9  9      -2.00       0.00      -3.00 **VQfit parameters
   4.307023433576E-05   3.817440490557E+01  -2.065776827083E-07      3.290E-06
  9 10       2.00       3.00       4.00 **VQfit parameters
  -1.220993918473E-04   2.915347004306E-02  -1.839327469138E+00      7.478E-14
  9 10       1.00       2.00       3.00 **PmatFit parameters
  -2.442913107904E-06   5.825799462512E-04  -3.670683347621E-02      1.667E-13
 10 10      -2.00       0.00      -3.00 **VQfit parameters
   4.272615010254E-05   3.916466982671E+01  -1.981773956063E-07      3.714E-06
